'0028_L_gas_med_1_1_3087000',0,1,0
'0028_L_gas_med_1_1_2125620',0,1,0
'0028_L_gas_med_1_1_3135510',0,1,0
'0028_L_gas_med_1_1_1790460',0,1,0
'0028_L_gas_med_1_1_2376990',0,1,0
'0028_L_gas_med_1_1_2134440',0,1,0
'0028_L_gas_med_1_1_2028600',0,1,0
'0028_L_gas_med_1_1_2518110',0,1,0
'0028_L_gas_med_1_1_3109050',0,1,0
'0028_L_gas_med_1_1_2703330',0,1,0
'0028_L_gas_med_1_1_2174130',0,1,0
'0028_L_gas_med_1_1_3175200',0,1,0
'0028_L_gas_med_1_1_2623950',0,1,0
'0028_L_gas_med_1_1_2985570',0,1,0
'0028_L_gas_med_1_1_1988910',0,1,0
'0028_L_gas_med_1_1_2130030',0,1,0
'0028_L_gas_med_1_1_3051720',0,1,0
'0028_L_gas_med_1_1_2425500',0,1,0
'0028_L_gas_med_1_1_2332890',0,1,0
'0028_L_gas_med_1_1_2976750',0,1,0
'0028_L_gas_med_1_1_2112390',0,1,0
'0028_L_gas_med_1_1_1861020',0,1,0
'0028_L_gas_med_1_1_2544570',0,1,0
'0028_L_gas_med_1_1_1900710',0,1,0
'0028_L_gas_med_1_1_1816920',0,1,0
'0028_L_gas_med_1_1_2487240',0,1,0
'0028_L_gas_med_1_1_2046240',0,1,0
'0028_L_gas_med_1_1_3126690',0,1,0
'0028_L_gas_med_1_1_1944810',0,1,0
'0028_L_gas_med_1_1_2399040',0,1,0
'0028_L_gas_med_1_1_3034080',0,1,0
'0028_L_gas_med_1_1_2354940',0,1,0
'0028_L_gas_med_1_1_3078180',0,1,0
'0028_L_gas_med_1_1_2152080',0,1,0
'0028_L_gas_med_1_1_2121210',0,1,0
'0028_L_gas_med_1_1_2526930',0,1,0
'0028_L_gas_med_1_1_2562210',0,1,0
'0028_L_gas_med_1_1_1812510',0,1,0
'0028_L_gas_med_1_1_2690100',0,1,0
'0028_L_gas_med_1_1_2632770',0,1,0
'0028_L_gas_med_1_1_2994390',0,1,0
'0028_L_gas_med_1_1_1750770',0,1,0
'0028_L_gas_med_1_1_2200590',0,0.3333333333333333,0.6666666666666666
'0028_L_gas_med_1_1_1764000',0,1,0
'0028_L_gas_med_1_1_2429910',0,1,0
'0028_L_gas_med_1_1_1772820',0,1,0
'0028_L_gas_med_1_1_2668050',0,1,0
'0028_L_gas_med_1_1_2707740',0,1,0
'0028_L_gas_med_1_1_2319660',0,1,0
'0028_L_gas_med_1_1_2496060',0,1,0
'0028_L_gas_med_1_1_1865430',0,1,0
'0028_L_gas_med_1_1_3007620',0,1,0
'0028_L_gas_med_1_1_2513700',0,1,0
'0028_L_gas_med_1_1_1874250',0,1,0
'0028_L_gas_med_1_1_1975680',0,1,0
'0028_L_gas_med_1_1_2107980',0,1,0
'0028_L_gas_med_1_1_2178540',0,1,0
'0028_L_gas_med_1_1_1741950',0,1,0
'0028_L_gas_med_1_1_3047310',0,1,0
'0028_L_gas_med_1_1_1737540',0,1,0
'0028_L_gas_med_1_1_3117870',0,1,0
'0028_L_gas_med_1_1_3184020',0,1,0
'0028_L_gas_med_1_1_1843380',0,1,0
'0028_L_gas_med_1_1_2584260',0,1,0
'0028_L_gas_med_1_1_1878660',0,1,0
'0028_L_gas_med_1_1_2637180',0,1,0
'0028_L_gas_med_1_1_2390220',0,1,0
'0028_L_gas_med_1_1_2734200',0,1,0
'0028_L_gas_med_1_1_2650410',0,1,0
'0028_L_gas_med_1_1_2509290',0,1,0
'0028_L_gas_med_1_1_2407860',0,1,0
'0028_L_gas_med_1_1_3042900',0,1,0
'0028_L_gas_med_1_1_2368170',0,1,0
'0028_L_gas_med_1_1_1913940',0,1,0
'0028_L_gas_med_1_1_2385810',0,1,0
'0028_L_gas_med_1_1_2372580',0,1,0
'0028_L_gas_med_1_1_1891890',0,1,0
'0028_L_gas_med_1_1_3012030',0,1,0
'0028_L_gas_med_1_1_2090340',0,1,0
'0028_L_gas_med_1_1_2548980',0,1,0
'0028_L_gas_med_1_1_2698920',0,1,0
'0028_L_gas_med_1_1_2593080',0,1,0
'0028_L_gas_med_1_1_2531340',0,1,0
'0028_L_gas_med_1_1_1746360',0,1,0
'0028_L_gas_med_1_1_1935990',0,1,0
'0028_L_gas_med_1_1_2659230',0,1,0
'0028_L_gas_med_1_1_1887480',0,1,0
'0028_L_gas_med_1_1_2725380',0,1,0
'0028_L_gas_med_1_1_2337300',0,1,0
'0028_L_gas_med_1_1_1966860',0,1,0
'0028_L_gas_med_1_1_1856610',0,1,0
'0028_L_gas_med_1_1_2068290',0,1,0
'0028_L_gas_med_1_1_3153150',0,1,0
'0028_L_gas_med_1_1_2010960',0,1,0
'0028_L_gas_med_1_1_1852200',0,1,0
'0028_L_gas_med_1_1_2654820',0,1,0
'0028_L_gas_med_1_1_2143260',0,1,0
'0028_L_gas_med_1_1_1847790',0,1,0
'0028_L_gas_med_1_1_1958040',0,1,0
'0028_L_gas_med_1_1_2447550',0,1,0
'0028_L_gas_med_1_1_2619540',0,1,0
'0028_L_gas_med_1_1_2720970',0,1,0
'0028_L_gas_med_1_1_2491650',0,1,0
'0028_L_gas_med_1_1_1719900',0,1,0
'0028_L_gas_med_1_1_2094750',0,1,0
'0028_L_gas_med_1_1_2575440',0,1,0
'0028_L_gas_med_1_1_2324070',0,1,0
'0028_L_gas_med_1_1_1838970',0,1,0
'0028_L_gas_med_1_1_3095820',0,1,0
'0028_L_gas_med_1_1_2712150',0,1,0
'0028_L_gas_med_1_1_1980090',0,1,0
'0028_L_gas_med_1_1_2160900',0,1,0
'0028_L_gas_med_1_1_3073770',0,1,0
'0028_L_gas_med_1_1_2557800',0,1,0
'0028_L_gas_med_1_1_2015370',0,1,0
'0028_L_gas_med_1_1_2081520',0,1,0
'0028_L_gas_med_1_1_2350530',0,1,0
'0028_L_gas_med_1_1_3104640',0,1,0
'0028_L_gas_med_1_1_2434320',0,1,0
'0028_L_gas_med_1_1_2363760',0,1,0
'0028_L_gas_med_1_1_2610720',0,1,0
'0028_L_gas_med_1_1_1821330',0,1,0
'0028_L_gas_med_1_1_2571030',0,1,0
'0028_L_gas_med_1_1_2469600',0,1,0
'0028_L_gas_med_1_1_1869840',0,1,0
'0028_L_gas_med_1_1_2989980',0,1,0
'0028_L_gas_med_1_1_3064950',0,1,0
'0028_L_gas_med_1_1_1918350',0,1,0
'0028_L_gas_med_1_1_3144330',0,1,0
'0028_L_gas_med_1_1_2041830',0,1,0
'0028_L_gas_med_1_1_2359350',0,1,0
'0028_L_gas_med_1_1_1759590',0,1,0
'0028_L_gas_med_1_1_3056130',0,1,0
'0028_L_gas_med_1_1_2059470',0,1,0
'0028_L_gas_med_1_1_3029670',0,1,0
'0028_L_gas_med_1_1_3016440',0,1,0
'0028_L_gas_med_1_1_3131100',0,1,0
'0028_L_gas_med_1_1_2019780',0,1,0
'0028_L_gas_med_1_1_3025260',0,1,0
'0028_L_gas_med_1_1_1931580',0,1,0
'0028_L_gas_med_1_1_2412270',0,1,0
'0028_L_gas_med_1_1_2156490',0,1,0
'0028_L_gas_med_1_1_1993320',0,1,0
'0028_L_gas_med_1_1_2716560',0,1,0
'0028_L_gas_med_1_1_2055060',0,1,0
'0028_L_gas_med_1_1_1755180',0,1,0
'0028_L_gas_med_1_1_2588670',0,1,0
'0028_L_gas_med_1_1_2553390',0,1,0
'0028_L_gas_med_1_1_3161970',0,1,0
'0028_L_gas_med_1_1_2085930',0,1,0
'0028_L_gas_med_1_1_1984500',0,1,0
'0028_L_gas_med_1_1_3179610',0,1,0
'0028_L_gas_med_1_1_1922760',0,1,0
'0028_L_gas_med_1_1_3020850',0,1,0
'0028_L_gas_med_1_1_2641590',0,1,0
'0028_L_gas_med_1_1_3082590',0,1,0
'0028_L_gas_med_1_1_1768410',0,1,0
'0028_L_gas_med_1_1_2182950',0,1,0
'0028_L_gas_med_1_1_1728720',0,1,0
'0028_L_gas_med_1_1_1905120',0,1,0
'0028_L_gas_med_1_1_2685690',0,1,0
'0028_L_gas_med_1_1_1794870',0,1,0
'0028_L_gas_med_1_1_3113460',0,1,0
'0028_L_gas_med_1_1_3100230',0,1,0
'0028_L_gas_med_1_1_2403450',0,1,0
'0028_L_gas_med_1_1_1781640',0,1,0
'0028_L_gas_med_1_1_2460780',0,1,0
'0028_L_gas_med_1_1_2663640',0,1,0
'0028_L_gas_med_1_1_2421090',0,1,0
'0028_L_gas_med_1_1_2681280',0,1,0
'0028_L_gas_med_1_1_1940400',0,1,0
'0028_L_gas_med_1_1_2504880',0,1,0
'0028_L_gas_med_1_1_2147670',0,1,0
'0028_L_gas_med_1_1_2438730',0,1,0
'0028_L_gas_med_1_1_2002140',0,1,0
'0028_L_gas_med_1_1_2522520',0,1,0
'0028_L_gas_med_1_1_2465190',0,1,0
'0028_L_gas_med_1_1_3139920',0,1,0
'0028_L_gas_med_1_1_3091410',0,1,0
'0028_L_gas_med_1_1_1949220',0,1,0
'0028_L_gas_med_1_1_1825740',0,1,0
'0028_L_gas_med_1_1_1997730',0,1,0
'0028_L_gas_med_1_1_2676870',0,1,0
'0028_L_gas_med_1_1_2981160',0,1,0
'0028_L_gas_med_1_1_2165310',0,1,0
'0028_L_gas_med_1_1_2606310',0,1,0
'0028_L_gas_med_1_1_2566620',0,1,0
'0028_L_gas_med_1_1_3206070',0,1,0
'0028_L_gas_med_1_1_2478420',0,1,0
'0028_L_gas_med_1_1_1962450',0,1,0
'0028_L_gas_med_1_1_2601900',0,1,0
'0028_L_gas_med_1_1_1724310',0,1,0
'0028_L_gas_med_1_1_2381400',0,1,0
'0028_L_gas_med_1_1_1971270',0,1,0
'0028_L_gas_med_1_1_3003210',0,1,0
'0028_L_gas_med_1_1_3192840',0,1,0
'0028_L_gas_med_1_1_3197250',0,1,0
'0028_L_gas_med_1_1_1896300',0,1,0
'0028_L_gas_med_1_1_2169720',0,1,0
'0028_L_gas_med_1_1_3060540',0,1,0
'0028_L_gas_med_1_1_1786050',0,1,0
'0028_L_gas_med_1_1_2416680',0,1,0
'0028_L_gas_med_1_1_1803690',0,1,0
'0028_L_gas_med_1_1_2963520',0,1,0
'0028_L_gas_med_1_1_1953630',0,1,0
'0028_L_gas_med_1_1_2474010',0,1,0
'0028_L_gas_med_1_1_3069360',0,1,0
'0028_L_gas_med_1_1_2138850',0,1,0
'0028_L_gas_med_1_1_2729790',0,1,0
'0028_L_gas_med_1_1_2033010',0,1,0
'0028_L_gas_med_1_1_1777230',0,1,0
'0028_L_gas_med_1_1_2646000',0,1,0
'0028_L_gas_med_1_1_3201660',0,1,0
'0028_L_gas_med_1_1_2597490',0,1,0
'0028_L_gas_med_1_1_2579850',0,1,0
'0028_L_gas_med_1_1_1808100',0,1,0
'0028_L_gas_med_1_1_2535750',0,1,0
'0028_L_gas_med_1_1_2456370',0,1,0
'0028_L_gas_med_1_1_1909530',0,1,0
'0028_L_gas_med_1_1_2967930',0,1,0
'0028_L_gas_med_1_1_1883070',0,1,0
'0028_L_gas_med_1_1_2628360',0,1,0
'0028_L_gas_med_1_1_1834560',0,1,0
'0028_L_gas_med_1_1_2694510',0,1,0
'0028_L_gas_med_1_1_2006550',0,1,0
'0028_L_gas_med_1_1_2328480',0,1,0
'0028_L_gas_med_1_1_2346120',0,1,0
'0028_L_gas_med_1_1_1927170',0,1,0
'0028_L_gas_med_1_1_2116800',0,1,0
'0028_L_gas_med_1_1_2615130',0,1,0
'0028_L_gas_med_1_1_2099160',0,1,0
'0028_L_gas_med_1_1_2998800',0,1,0
'0028_L_gas_med_1_1_2672460',0,1,0
'0028_L_gas_med_1_1_2972340',0,1,0
'0028_L_gas_med_1_1_3122280',0,1,0
'0028_L_gas_med_1_1_1733130',0,1,0
'0028_L_gas_med_1_1_3157560',0,1,0
'0028_L_gas_med_1_1_2024190',0,1,0
'0028_L_gas_med_1_1_1799280',0,1,0
'0028_L_gas_med_1_1_2103570',0,1,0
'0028_L_gas_med_1_1_2077110',0,1,0
'0028_L_gas_med_1_1_2443140',0,1,0
'0028_L_gas_med_1_1_2738610',0,1,0
'0028_L_gas_med_1_1_2037420',0,1,0
'0028_L_gas_med_1_1_3166380',0,1,0
'0028_L_gas_med_1_1_3170790',0,1,0
'0028_L_gas_med_1_1_2394630',0,1,0
'0028_L_gas_med_1_1_3188430',0,1,0
'0028_L_gas_med_1_1_2451960',0,1,0
'0028_L_gas_med_1_1_1830150',0,1,0
'0028_L_gas_med_1_1_2482830',0,1,0
'0028_L_gas_med_1_1_2050650',0,1,0
'0028_L_gas_med_1_1_2341710',0,1,0
'0028_L_gas_med_1_1_2540160',0,1,0
'0028_L_gas_med_1_1_2072700',0,1,0
'0028_L_gas_med_1_1_2500470',0,1,0
'0028_L_gas_med_1_1_2063880',0,1,0
'0028_L_gas_med_1_1_3148740',0,1,0
'0028_L_gas_med_1_1_3038490',0,1,0
'0028_L_gas_med_1_1_445410',0,0,1
'0028_L_gas_med_1_1_229320',0.6666666666666666,0,0.3333333333333333
'0028_L_gas_med_1_1_1168650',0,0,1
'0028_L_gas_med_1_1_992250',0.6666666666666666,0,0.3333333333333333
'0028_L_gas_med_1_1_974610',0.6666666666666666,0,0.3333333333333333
'0028_L_gas_med_1_1_1539090',0.6666666666666666,0,0.3333333333333333
'0028_L_gas_med_1_1_291060',0,0,1
'0028_L_gas_med_1_1_2791530',0,0,1
'0028_L_gas_med_1_1_449820',0,0,1
'0028_L_gas_med_1_1_158760',0.6666666666666666,0,0.3333333333333333
'0028_L_gas_med_1_1_2901780',0.6666666666666666,0,0.3333333333333333
'0028_L_gas_med_1_1_599760',0,0,1
'0028_L_gas_med_1_1_661500',0,0,1
'0028_L_gas_med_1_1_2897370',0.6666666666666666,0,0.3333333333333333
'0028_L_gas_med_1_1_1071630',0.6666666666666666,0,0.3333333333333333
'0028_L_gas_med_1_1_308700',0,0,1
'0028_L_gas_med_1_1_436590',0,0,1
'0028_L_gas_med_1_1_604170',0,0,1
'0028_L_gas_med_1_1_2218230',0,0,1
'0028_L_gas_med_1_1_2919420',0.6666666666666666,0,0.3333333333333333
'0028_L_gas_med_1_1_1089270',0.6666666666666666,0,0.3333333333333333
'0028_L_gas_med_1_1_648270',0,0,1
'0028_L_gas_med_1_1_1040760',0.6666666666666666,0,0.3333333333333333
'0028_L_gas_med_1_1_1517040',0.6666666666666666,0,0.3333333333333333
'0028_L_gas_med_1_1_167580',0.6666666666666666,0,0.3333333333333333
'0028_L_gas_med_1_1_538020',0,0,1
'0028_L_gas_med_1_1_114660',0,0,1
'0028_L_gas_med_1_1_185220',0.6666666666666666,0,0.3333333333333333
'0028_L_gas_med_1_1_2257920',0,0,1
'0028_L_gas_med_1_1_2804760',0,0,1
'0028_L_gas_med_1_1_39690',0.6666666666666666,0,0.3333333333333333
'0028_L_gas_med_1_1_2231460',0,0,1
'0028_L_gas_med_1_1_458640',0,0,1
'0028_L_gas_med_1_1_2822400',0.6666666666666666,0,0.3333333333333333
'0028_L_gas_med_1_1_441000',0,0,1
'0028_L_gas_med_1_1_26460',0,0,1
'0028_L_gas_med_1_1_635040',0,0,1
'0028_L_gas_med_1_1_454230',0,0,1
'0028_L_gas_med_1_1_44100',0.6666666666666666,0,0.3333333333333333
'0028_L_gas_med_1_1_330750',0,0,1
'0028_L_gas_med_1_1_282240',0,0,1
'0028_L_gas_med_1_1_1309770',0.6666666666666666,0,0.3333333333333333
'0028_L_gas_med_1_1_639450',0,0,1
'0028_L_gas_med_1_1_714420',0,0,1
'0028_L_gas_med_1_1_1587600',0,0,1
'0028_L_gas_med_1_1_2288790',0,0,1
'0028_L_gas_med_1_1_2769480',0,0,1
'0028_L_gas_med_1_1_1217160',0,0,1
'0028_L_gas_med_1_1_1455300',0.6666666666666666,0,0.3333333333333333
'0028_L_gas_med_1_1_1036350',0.6666666666666666,0,0.3333333333333333
'0028_L_gas_med_1_1_524790',0,0,1
'0028_L_gas_med_1_1_132300',0,0,1
'0028_L_gas_med_1_1_2795940',0,0,1
'0028_L_gas_med_1_1_123480',0,0,1
'0028_L_gas_med_1_1_1605240',0,0,1
'0028_L_gas_med_1_1_2857680',0.6666666666666666,0,0.3333333333333333
'0028_L_gas_med_1_1_295470',0,0,1
'0028_L_gas_med_1_1_1208340',0,0,1
'0028_L_gas_med_1_1_238140',0.6666666666666666,0,0.3333333333333333
'0028_L_gas_med_1_1_2817990',0,0,1
'0028_L_gas_med_1_1_57330',0.6666666666666666,0,0.3333333333333333
'0028_L_gas_med_1_1_657090',0,0,1
'0028_L_gas_med_1_1_2213820',0,0,1
'0028_L_gas_med_1_1_507150',0,0,1
'0028_L_gas_med_1_1_463050',0,0,1
'0028_L_gas_med_1_1_1049580',0.6666666666666666,0,0.3333333333333333
'0028_L_gas_med_1_1_696780',0,0,1
'0028_L_gas_med_1_1_22050',0,0,1
'0028_L_gas_med_1_1_2262330',0,0,1
'0028_L_gas_med_1_1_277830',0,0,1
'0028_L_gas_med_1_1_529200',0,0,1
'0028_L_gas_med_1_1_608580',0,0,1
'0028_L_gas_med_1_1_2244690',0,0,1
'0028_L_gas_med_1_1_1239210',0.6666666666666666,0,0.3333333333333333
'0028_L_gas_med_1_1_965790',0,0,1
'0028_L_gas_med_1_1_1186290',0.6666666666666666,0,0.3333333333333333
'0028_L_gas_med_1_1_979020',0.6666666666666666,0,0.3333333333333333
'0028_L_gas_med_1_1_586530',0,0,1
'0028_L_gas_med_1_1_1243620',0.6666666666666666,0,0.3333333333333333
'0028_L_gas_med_1_1_2253510',0,0,1
'0028_L_gas_med_1_1_2284380',0,0,1
'0028_L_gas_med_1_1_1375920',0.6666666666666666,0,0.3333333333333333
'0028_L_gas_med_1_1_2773890',0,0,1
'0028_L_gas_med_1_1_1001070',0.6666666666666666,0,0.3333333333333333
'0028_L_gas_med_1_1_577710',0,0,1
'0028_L_gas_med_1_1_520380',0,0,1
'0028_L_gas_med_1_1_1349460',0.6666666666666666,0,0.3333333333333333
'0028_L_gas_med_1_1_1358280',0.6666666666666666,0,0.3333333333333333
'0028_L_gas_med_1_1_1225980',0,0,1
'0028_L_gas_med_1_1_224910',0.6666666666666666,0,0.3333333333333333
'0028_L_gas_med_1_1_321930',0,0,1
'0028_L_gas_med_1_1_1508220',0.6666666666666666,0,0.3333333333333333
'0028_L_gas_med_1_1_1600830',0,0,1
'0028_L_gas_med_1_1_1155420',0,0,1
'0028_L_gas_med_1_1_1367100',0.6666666666666666,0,0.3333333333333333
'0028_L_gas_med_1_1_2937060',0.6666666666666666,0,0.3333333333333333
'0028_L_gas_med_1_1_2209410',0,0,1
'0028_L_gas_med_1_1_2800350',0,0,1
'0028_L_gas_med_1_1_2813580',0,0,1
'0028_L_gas_med_1_1_595350',0,0,1
'0028_L_gas_med_1_1_692370',0,0,1
'0028_L_gas_med_1_1_718830',0,0,1
'0028_L_gas_med_1_1_1093680',0.6666666666666666,0,0.3333333333333333
'0028_L_gas_med_1_1_1230390',0,0,1
'0028_L_gas_med_1_1_1142190',0,0,1
'0028_L_gas_med_1_1_1137780',0,0,1
'0028_L_gas_med_1_1_665910',0,0,1
'0028_L_gas_med_1_1_630630',0,0,1
'0028_L_gas_med_1_1_1327410',0.6666666666666666,0,0.3333333333333333
'0028_L_gas_med_1_1_17640',0,0,1
'0028_L_gas_med_1_1_2892960',0.6666666666666666,0,0.3333333333333333
'0028_L_gas_med_1_1_1406790',0.6666666666666666,0,0.3333333333333333
'0028_L_gas_med_1_1_471870',0,0,1
'0028_L_gas_med_1_1_846720',0,0,1
'0028_L_gas_med_1_1_255780',0.6666666666666666,0,0.3333333333333333
'0028_L_gas_med_1_1_180810',0.6666666666666666,0,0.3333333333333333
'0028_L_gas_med_1_1_983430',0.6666666666666666,0,0.3333333333333333
'0028_L_gas_med_1_1_961380',0,0,1
'0028_L_gas_med_1_1_110250',0,0,1
'0028_L_gas_med_1_1_701190',0,0,1
'0028_L_gas_med_1_1_1380330',0.6666666666666666,0,0.3333333333333333
'0028_L_gas_med_1_1_837900',0,0,1
'0028_L_gas_med_1_1_1159830',0,0,1
'0028_L_gas_med_1_1_723240',0,0,1
'0028_L_gas_med_1_1_1561140',0.6666666666666666,0,0.3333333333333333
'0028_L_gas_med_1_1_2266740',0,0,1
'0028_L_gas_med_1_1_1428840',0.6666666666666666,0,0.3333333333333333
'0028_L_gas_med_1_1_88200',0.6666666666666666,0,0.3333333333333333
'0028_L_gas_med_1_1_1164240',0,0,1
'0028_L_gas_med_1_1_405720',0.6666666666666666,0,0.3333333333333333
'0028_L_gas_med_1_1_119070',0,0,1
'0028_L_gas_med_1_1_1481760',0.6666666666666666,0,0.3333333333333333
'0028_L_gas_med_1_1_1530270',0.6666666666666666,0,0.3333333333333333
'0028_L_gas_med_1_1_573300',0,0,1
'0028_L_gas_med_1_1_4410',0,0,1
'0028_L_gas_med_1_1_2782710',0,0,1
'0028_L_gas_med_1_1_498330',0,0,1
'0028_L_gas_med_1_1_326340',0,0,1
'0028_L_gas_med_1_1_467460',0,0,1
'0028_L_gas_med_1_1_2831220',0.6666666666666666,0,0.3333333333333333
'0028_L_gas_med_1_1_2778300',0,0,1
'0028_L_gas_med_1_1_829080',0,0,1
'0028_L_gas_med_1_1_1265670',0.6666666666666666,0,0.3333333333333333
'0028_L_gas_med_1_1_652680',0,0,1
'0028_L_gas_med_1_1_1596420',0,0,1
'0028_L_gas_med_1_1_35280',0,0,1
'0028_L_gas_med_1_1_1248030',0.6666666666666666,0,0.3333333333333333
'0028_L_gas_med_1_1_1547910',0.6666666666666666,0,0.3333333333333333
'0028_L_gas_med_1_1_2240280',0,0,1
'0028_L_gas_med_1_1_2870910',0.6666666666666666,0,0.3333333333333333
'0028_L_gas_med_1_1_1362690',0.6666666666666666,0,0.3333333333333333
'0028_L_gas_med_1_1_299880',0,0,1
'0028_L_gas_med_1_1_1534680',0.6666666666666666,0,0.3333333333333333
'0028_L_gas_med_1_1_1345050',0.6666666666666666,0,0.3333333333333333
'0028_L_gas_med_1_1_1203930',0,0,1
'0028_L_gas_med_1_1_1459710',0.6666666666666666,0,0.3333333333333333
'0028_L_gas_med_1_1_2848860',0.6666666666666666,0,0.3333333333333333
'0028_L_gas_med_1_1_189630',0.6666666666666666,0,0.3333333333333333
'0028_L_gas_med_1_1_687960',0,0,1
'0028_L_gas_med_1_1_2760660',0,0,1
'0028_L_gas_med_1_1_502740',0,0,1
'0028_L_gas_med_1_1_2835630',0.6666666666666666,0,0.3333333333333333
'0028_L_gas_med_1_1_2297610',0.6666666666666666,0,0.3333333333333333
'0028_L_gas_med_1_1_2302020',0.6666666666666666,0,0.3333333333333333
'0028_L_gas_med_1_1_476280',0,0,1
'0028_L_gas_med_1_1_732060',0,0,1
'0028_L_gas_med_1_1_1199520',0,0,1
'0028_L_gas_med_1_1_1234800',0.6666666666666666,0,0.3333333333333333
'0028_L_gas_med_1_1_388080',0.6666666666666666,0,0.3333333333333333
'0028_L_gas_med_1_1_2862090',0.6666666666666666,0,0.3333333333333333
'0028_L_gas_med_1_1_2222640',0,0,1
'0028_L_gas_med_1_1_542430',0,0,1
'0028_L_gas_med_1_1_313110',0,0,1
'0028_L_gas_med_1_1_171990',0.6666666666666666,0,0.3333333333333333
'0028_L_gas_med_1_1_2275560',0,0,1
'0028_L_gas_med_1_1_1569960',0.6666666666666666,0,0.3333333333333333
'0028_L_gas_med_1_1_70560',0.6666666666666666,0,0.3333333333333333
'0028_L_gas_med_1_1_304290',0,0,1
'0028_L_gas_med_1_1_2945880',0.6666666666666666,0,0.3333333333333333
'0028_L_gas_med_1_1_2205000',0,0,1
'0028_L_gas_med_1_1_211680',0.6666666666666666,0,0.3333333333333333
'0028_L_gas_med_1_1_515970',0,0,1
'0028_L_gas_med_1_1_207270',0.6666666666666666,0,0.3333333333333333
'0028_L_gas_med_1_1_1331820',0.6666666666666666,0,0.3333333333333333
'0028_L_gas_med_1_1_833490',0,0,1
'0028_L_gas_med_1_1_149940',0.6666666666666666,0,0.3333333333333333
'0028_L_gas_med_1_1_0',0,0,1
'0028_L_gas_med_1_1_432180',0,0,1
'0028_L_gas_med_1_1_1552320',0.6666666666666666,0,0.3333333333333333
'0028_L_gas_med_1_1_1115730',0.6666666666666666,0,0.3333333333333333
'0028_L_gas_med_1_1_851130',0,0,1
'0028_L_gas_med_1_1_612990',0,0,1
'0028_L_gas_med_1_1_269010',0.6666666666666666,0,0.3333333333333333
'0028_L_gas_med_1_1_705600',0,0,1
'0028_L_gas_med_1_1_1031940',0.6666666666666666,0,0.3333333333333333
'0028_L_gas_med_1_1_1609650',0,0,1
'0028_L_gas_med_1_1_1305360',0.6666666666666666,0,0.3333333333333333
'0028_L_gas_med_1_1_2787120',0,0,1
'0028_L_gas_med_1_1_423360',0.6666666666666666,0,0.3333333333333333
'0028_L_gas_med_1_1_2235870',0,0,1
'0028_L_gas_med_1_1_1437660',0.6666666666666666,0,0.3333333333333333
'0028_L_gas_med_1_1_1353870',0.6666666666666666,0,0.3333333333333333
'0028_L_gas_med_1_1_2923830',0.6666666666666666,0,0.3333333333333333
'0028_L_gas_med_1_1_1464120',0.6666666666666666,0,0.3333333333333333
'0028_L_gas_med_1_1_2756250',0,0,1
'0028_L_gas_med_1_1_1314180',0.6666666666666666,0,0.3333333333333333
'0028_L_gas_med_1_1_2928240',0.6666666666666666,0,0.3333333333333333
'0028_L_gas_med_1_1_2910600',0.6666666666666666,0,0.3333333333333333
'0028_L_gas_med_1_1_1323000',0.6666666666666666,0,0.3333333333333333
'0028_L_gas_med_1_1_246960',0.6666666666666666,0,0.3333333333333333
'0028_L_gas_med_1_1_2875320',0.6666666666666666,0,0.3333333333333333
'0028_L_gas_med_1_1_493920',0,0,1
'0028_L_gas_med_1_1_590940',0,0,1
'0028_L_gas_med_1_1_1098090',0.6666666666666666,0,0.3333333333333333
'0028_L_gas_med_1_1_2271150',0,0,1
'0028_L_gas_med_1_1_1393560',0.6666666666666666,0,0.3333333333333333
'0028_L_gas_med_1_1_1415610',0.6666666666666666,0,0.3333333333333333
'0028_L_gas_med_1_1_1556730',0.6666666666666666,0,0.3333333333333333
'0028_L_gas_med_1_1_1384740',0.6666666666666666,0,0.3333333333333333
'0028_L_gas_med_1_1_163170',0.6666666666666666,0,0.3333333333333333
'0028_L_gas_med_1_1_97020',0,0,1
'0028_L_gas_med_1_1_127890',0,0,1
'0028_L_gas_med_1_1_1173060',0,0,1
'0028_L_gas_med_1_1_489510',0,0,1
'0028_L_gas_med_1_1_1270080',0.6666666666666666,0,0.3333333333333333
'0028_L_gas_med_1_1_1151010',0,0,1
'0028_L_gas_med_1_1_727650',0,0,1
'0028_L_gas_med_1_1_30870',0,0,1
'0028_L_gas_med_1_1_1583190',0.6666666666666666,0,0.3333333333333333
'0028_L_gas_med_1_1_710010',0,0,1
'0028_L_gas_med_1_1_2279970',0,0,1
'0028_L_gas_med_1_1_1477350',0.6666666666666666,0,0.3333333333333333
'0028_L_gas_med_1_1_533610',0,0,1
'0028_L_gas_med_1_1_2765070',0,0,1
'0028_L_gas_med_1_1_2809170',0,0,1
'0028_L_gas_med_1_1_418950',0.6666666666666666,0,0.3333333333333333
'0028_L_gas_med_1_1_1389150',0.6666666666666666,0,0.3333333333333333
'0028_L_gas_med_1_1_216090',0.6666666666666666,0,0.3333333333333333
'0028_L_gas_med_1_1_1274490',0.6666666666666666,0,0.3333333333333333
'0028_L_gas_med_1_1_264600',0.6666666666666666,0,0.3333333333333333
'0028_L_gas_med_1_1_1592010',0,0,1
'0028_L_gas_med_1_1_996660',0.6666666666666666,0,0.3333333333333333
'0028_L_gas_med_1_1_1450890',0.6666666666666666,0,0.3333333333333333
'0028_L_gas_med_1_1_1287720',0.6666666666666666,0,0.3333333333333333
'0028_L_gas_med_1_1_92610',0.6666666666666666,0,0.3333333333333333
'0028_L_gas_med_1_1_1318590',0.6666666666666666,0,0.3333333333333333
'0028_L_gas_med_1_1_401310',0.6666666666666666,0,0.3333333333333333
'0028_L_gas_med_1_1_136710',0.6666666666666666,0,0.3333333333333333
'0028_L_gas_med_1_1_2959110',0.6666666666666666,0,0.3333333333333333
'0028_L_gas_med_1_1_2227050',0,0,1
'0028_L_gas_med_1_1_1027530',0.6666666666666666,0,0.3333333333333333
'0028_L_gas_med_1_1_83790',0.6666666666666666,0,0.3333333333333333
'0028_L_gas_med_1_1_154350',0.6666666666666666,0,0.3333333333333333
'0028_L_gas_med_1_1_220500',0.6666666666666666,0,0.3333333333333333
'0028_L_gas_med_1_1_1256850',0.6666666666666666,0,0.3333333333333333
'0028_L_gas_med_1_1_105840',0,0,1
'0028_L_gas_med_1_1_8820',0,0,1
'0028_L_gas_med_1_1_317520',0,0,1
'0028_L_gas_med_1_1_987840',0.6666666666666666,0,0.3333333333333333
'0028_L_gas_med_1_1_1292130',0.6666666666666666,0,0.3333333333333333
'0028_L_gas_med_1_1_101430',0,0,1
'0028_L_gas_med_1_1_202860',0.6666666666666666,0,0.3333333333333333
'0028_L_gas_med_1_1_1076040',0.6666666666666666,0,0.3333333333333333
'0028_L_gas_med_1_1_260190',0.6666666666666666,0,0.3333333333333333
'0028_L_gas_med_1_1_1402380',0.6666666666666666,0,0.3333333333333333
'0028_L_gas_med_1_1_2906190',0.6666666666666666,0,0.3333333333333333
'0028_L_gas_med_1_1_1424430',0.6666666666666666,0,0.3333333333333333
'0028_L_gas_med_1_1_643860',0,0,1
'0028_L_gas_med_1_1_617400',0,0,1
'0028_L_gas_med_1_1_2306430',0.6666666666666666,0,0.3333333333333333
'0028_L_gas_med_1_1_1371510',0.6666666666666666,0,0.3333333333333333
'0028_L_gas_med_1_1_74970',0.6666666666666666,0,0.3333333333333333
'0028_L_gas_med_1_1_1124550',0.6666666666666666,0,0.3333333333333333
'0028_L_gas_med_1_1_1494990',0.6666666666666666,0,0.3333333333333333
'0028_L_gas_med_1_1_1146600',0,0,1
'0028_L_gas_med_1_1_1521450',0.6666666666666666,0,0.3333333333333333
'0028_L_gas_med_1_1_141120',0.6666666666666666,0,0.3333333333333333
'0028_L_gas_med_1_1_414540',0.6666666666666666,0,0.3333333333333333
'0028_L_gas_med_1_1_511560',0,0,1
'0028_L_gas_med_1_1_1084860',0.6666666666666666,0,0.3333333333333333
'0028_L_gas_med_1_1_52920',0.6666666666666666,0,0.3333333333333333
'0028_L_gas_med_1_1_251370',0.6666666666666666,0,0.3333333333333333
'0028_L_gas_med_1_1_1133370',0.6666666666666666,0,0.3333333333333333
'0028_L_gas_med_1_1_842310',0,0,1
'0028_L_gas_med_1_1_1212750',0,0,1
'0028_L_gas_med_1_1_1023120',0.6666666666666666,0,0.3333333333333333
'0028_L_gas_med_1_1_1283310',0.6666666666666666,0,0.3333333333333333
'0028_L_gas_med_1_1_2293200',0,0,1
'0028_L_gas_med_1_1_1411200',0.6666666666666666,0,0.3333333333333333
'0028_L_gas_med_1_1_1102500',0.6666666666666666,0,0.3333333333333333
'0028_L_gas_med_1_1_396900',0.6666666666666666,0,0.3333333333333333
'0028_L_gas_med_1_1_13230',0,0,1
'0028_L_gas_med_1_1_485100',0,0,1
'0028_L_gas_med_1_1_1005480',0.6666666666666666,0,0.3333333333333333
'0028_L_gas_med_1_1_2954700',0.6666666666666666,0,0.3333333333333333
'0028_L_gas_med_1_1_582120',0,0,1
'0028_L_gas_med_1_1_1080450',0.6666666666666666,0,0.3333333333333333
'0028_L_gas_med_1_1_1221570',0,0,1
'0028_L_gas_med_1_1_1397970',0.6666666666666666,0,0.3333333333333333
'0028_L_gas_med_1_1_1574370',0.6666666666666666,0,0.3333333333333333
'0028_L_gas_med_1_1_1278900',0.6666666666666666,0,0.3333333333333333
'0028_L_gas_med_1_1_1062810',0.6666666666666666,0,0.3333333333333333
'0028_L_gas_med_1_1_176400',0.6666666666666666,0,0.3333333333333333
'0028_L_gas_med_1_1_286650',0,0,1
'0028_L_gas_med_1_1_1009890',0.6666666666666666,0,0.3333333333333333
'0028_L_gas_med_1_1_2844450',0.6666666666666666,0,0.3333333333333333
'0028_L_gas_med_1_1_1472940',0.6666666666666666,0,0.3333333333333333
'0028_L_gas_med_1_1_2884140',0.6666666666666666,0,0.3333333333333333
'0028_L_gas_med_1_1_2310840',0.6666666666666666,0,0.3333333333333333
'0028_L_gas_med_1_1_2249100',0,0,1
'0028_L_gas_med_1_1_1499400',0.6666666666666666,0,0.3333333333333333
'0028_L_gas_med_1_1_1014300',0.6666666666666666,0,0.3333333333333333
'0028_L_gas_med_1_1_1195110',0.6666666666666666,0,0.3333333333333333
'0028_L_gas_med_1_1_2879730',0.6666666666666666,0,0.3333333333333333
'0028_L_gas_med_1_1_79380',0.6666666666666666,0,0.3333333333333333
'0028_L_gas_med_1_1_1565550',0.6666666666666666,0,0.3333333333333333
'0028_L_gas_med_1_1_2826810',0.6666666666666666,0,0.3333333333333333
'0028_L_gas_med_1_1_824670',0,0,1
'0028_L_gas_med_1_1_2315250',0.6666666666666666,0,0.3333333333333333
'0028_L_gas_med_1_1_392490',0.6666666666666666,0,0.3333333333333333
'0028_L_gas_med_1_1_1433250',0.6666666666666666,0,0.3333333333333333
'0028_L_gas_med_1_1_1053990',0.6666666666666666,0,0.3333333333333333
'0028_L_gas_med_1_1_1578780',0.6666666666666666,0,0.3333333333333333
'0028_L_gas_med_1_1_233730',0.6666666666666666,0,0.3333333333333333
'0028_L_gas_med_1_1_198450',0.6666666666666666,0,0.3333333333333333
'0028_L_gas_med_1_1_1120140',0.6666666666666666,0,0.3333333333333333
'0028_L_gas_med_1_1_66150',0.6666666666666666,0,0.3333333333333333
'0028_L_gas_med_1_1_1300950',0.6666666666666666,0,0.3333333333333333
'0028_L_gas_med_1_1_2915010',0.6666666666666666,0,0.3333333333333333
'0028_L_gas_med_1_1_1106910',0.6666666666666666,0,0.3333333333333333
'0028_L_gas_med_1_1_1543500',0.6666666666666666,0,0.3333333333333333
'0028_L_gas_med_1_1_855540',0,0,1
'0028_L_gas_med_1_1_1252440',0.6666666666666666,0,0.3333333333333333
'0028_L_gas_med_1_1_1296540',0.6666666666666666,0,0.3333333333333333
'0028_L_gas_med_1_1_1525860',0.6666666666666666,0,0.3333333333333333
'0028_L_gas_med_1_1_1490580',0.6666666666666666,0,0.3333333333333333
'0028_L_gas_med_1_1_1045170',0.6666666666666666,0,0.3333333333333333
'0028_L_gas_med_1_1_1442070',0.6666666666666666,0,0.3333333333333333
'0028_L_gas_med_1_1_1190700',0.6666666666666666,0,0.3333333333333333
'0028_L_gas_med_1_1_2840040',0.6666666666666666,0,0.3333333333333333
'0028_L_gas_med_1_1_2932650',0.6666666666666666,0,0.3333333333333333
'0028_L_gas_med_1_1_61740',0.6666666666666666,0,0.3333333333333333
'0028_L_gas_med_1_1_1261260',0.6666666666666666,0,0.3333333333333333
'0028_L_gas_med_1_1_48510',0.6666666666666666,0,0.3333333333333333
'0028_L_gas_med_1_1_2853270',0.6666666666666666,0,0.3333333333333333
'0028_L_gas_med_1_1_1181880',0.6666666666666666,0,0.3333333333333333
'0028_L_gas_med_1_1_1067220',0.6666666666666666,0,0.3333333333333333
'0028_L_gas_med_1_1_970200',0.6666666666666666,0,0.3333333333333333
'0028_L_gas_med_1_1_427770',0.6666666666666666,0,0.3333333333333333
'0028_L_gas_med_1_1_273420',0.6666666666666666,0,0.3333333333333333
'0028_L_gas_med_1_1_2941470',0.6666666666666666,0,0.3333333333333333
'0028_L_gas_med_1_1_1058400',0.6666666666666666,0,0.3333333333333333
'0028_L_gas_med_1_1_1111320',0.6666666666666666,0,0.3333333333333333
'0028_L_gas_med_1_1_1336230',0.6666666666666666,0,0.3333333333333333
'0028_L_gas_med_1_1_1340640',0.6666666666666666,0,0.3333333333333333
'0028_L_gas_med_1_1_1503810',0.6666666666666666,0,0.3333333333333333
'0028_L_gas_med_1_1_1468530',0.6666666666666666,0,0.3333333333333333
'0028_L_gas_med_1_1_2888550',0.6666666666666666,0,0.3333333333333333
'0028_L_gas_med_1_1_1512630',0.6666666666666666,0,0.3333333333333333
'0028_L_gas_med_1_1_410130',0.6666666666666666,0,0.3333333333333333
'0028_L_gas_med_1_1_1018710',0.6666666666666666,0,0.3333333333333333
'0028_L_gas_med_1_1_1486170',0.6666666666666666,0,0.3333333333333333
'0028_L_gas_med_1_1_1446480',0.6666666666666666,0,0.3333333333333333
'0028_L_gas_med_1_1_1177470',0.6666666666666666,0,0.3333333333333333
'0028_L_gas_med_1_1_194040',0.6666666666666666,0,0.3333333333333333
'0028_L_gas_med_1_1_145530',0.6666666666666666,0,0.3333333333333333
'0028_L_gas_med_1_1_2950290',0.6666666666666666,0,0.3333333333333333
'0028_L_gas_med_1_1_242550',0.6666666666666666,0,0.3333333333333333
'0028_L_gas_med_1_1_1128960',0.6666666666666666,0,0.3333333333333333
'0028_L_gas_med_1_1_1420020',0.6666666666666666,0,0.3333333333333333
'0028_L_gas_med_1_1_2866500',0.6666666666666666,0,0.3333333333333333
