'0186_R_fle_car_1_1_17640',0,1,0
'0186_R_fle_car_1_1_13230',0,1,0
'0186_R_fle_car_1_1_189630',0.6666666666666666,0,0.3333333333333333
'0186_R_fle_car_1_1_149940',0,0,1
'0186_R_fle_car_1_1_185220',0.6666666666666666,0,0.3333333333333333
'0186_R_fle_car_1_1_180810',0,0,1
'0186_R_fle_car_1_1_158760',0,0,1
'0186_R_fle_car_1_1_167580',0,0,1
'0186_R_fle_car_1_1_171990',0,0,1
'0186_R_fle_car_1_1_154350',0,0,1
'0186_R_fle_car_1_1_163170',0,0,1
'0186_R_fle_car_1_1_176400',0,0,1
'0186_R_fle_car_1_1_1159830',1,0,0
'0186_R_fle_car_1_1_1883070',1,0,0
'0186_R_fle_car_1_1_1437660',1,0,0
'0186_R_fle_car_1_1_1631700',1,0,0
'0186_R_fle_car_1_1_1177470',1,0,0
'0186_R_fle_car_1_1_1512630',1,0,0
'0186_R_fle_car_1_1_1874250',1,0,0
'0186_R_fle_car_1_1_1296540',1,0,0
'0186_R_fle_car_1_1_1358280',1,0,0
'0186_R_fle_car_1_1_1790460',1,0,0
'0186_R_fle_car_1_1_1861020',1,0,0
'0186_R_fle_car_1_1_1741950',1,0,0
'0186_R_fle_car_1_1_1728720',1,0,0
'0186_R_fle_car_1_1_1173060',1,0,0
'0186_R_fle_car_1_1_1305360',1,0,0
'0186_R_fle_car_1_1_1543500',1,0,0
'0186_R_fle_car_1_1_1905120',1,0,0
'0186_R_fle_car_1_1_1746360',1,0,0
'0186_R_fle_car_1_1_1966860',1,0,0
'0186_R_fle_car_1_1_1371510',1,0,0
'0186_R_fle_car_1_1_1327410',1,0,0
'0186_R_fle_car_1_1_136710',1,0,0
'0186_R_fle_car_1_1_1666980',1,0,0
'0186_R_fle_car_1_1_1402380',1,0,0
'0186_R_fle_car_1_1_1958040',1,0,0
'0186_R_fle_car_1_1_1464120',1,0,0
'0186_R_fle_car_1_1_1693440',1,0,0
'0186_R_fle_car_1_1_1636110',1,0,0
'0186_R_fle_car_1_1_1168650',1,0,0
'0186_R_fle_car_1_1_1292130',1,0,0
'0186_R_fle_car_1_1_1146600',1,0,0
'0186_R_fle_car_1_1_105840',1,0,0
'0186_R_fle_car_1_1_1345050',1,0,0
'0186_R_fle_car_1_1_1411200',1,0,0
'0186_R_fle_car_1_1_1896300',1,0,0
'0186_R_fle_car_1_1_1772820',1,0,0
'0186_R_fle_car_1_1_1816920',1,0,0
'0186_R_fle_car_1_1_1940400',1,0,0
'0186_R_fle_car_1_1_1093680',1,0,0
'0186_R_fle_car_1_1_1503810',1,0,0
'0186_R_fle_car_1_1_1221570',1,0,0
'0186_R_fle_car_1_1_1600830',1,0,0
'0186_R_fle_car_1_1_1962450',1,0,0
'0186_R_fle_car_1_1_127890',1,0,0
'0186_R_fle_car_1_1_119070',1,0,0
'0186_R_fle_car_1_1_1468530',1,0,0
'0186_R_fle_car_1_1_1499400',1,0,0
'0186_R_fle_car_1_1_1786050',1,0,0
'0186_R_fle_car_1_1_1442070',1,0,0
'0186_R_fle_car_1_1_1455300',1,0,0
'0186_R_fle_car_1_1_1336230',1,0,0
'0186_R_fle_car_1_1_1195110',1,0,0
'0186_R_fle_car_1_1_1605240',1,0,0
'0186_R_fle_car_1_1_1433250',1,0,0
'0186_R_fle_car_1_1_198450',1,0,0
'0186_R_fle_car_1_1_1750770',1,0,0
'0186_R_fle_car_1_1_1353870',1,0,0
'0186_R_fle_car_1_1_1997730',1,0,0
'0186_R_fle_car_1_1_1561140',1,0,0
'0186_R_fle_car_1_1_1644930',1,0,0
'0186_R_fle_car_1_1_1225980',1,0,0
'0186_R_fle_car_1_1_1900710',1,0,0
'0186_R_fle_car_1_1_1653750',1,0,0
'0186_R_fle_car_1_1_141120',1,0,0
'0186_R_fle_car_1_1_1397970',1,0,0
'0186_R_fle_car_1_1_1931580',1,0,0
'0186_R_fle_car_1_1_1420020',1,0,0
'0186_R_fle_car_1_1_1856610',1,0,0
'0186_R_fle_car_1_1_1208340',1,0,0
'0186_R_fle_car_1_1_101430',1,0,0
'0186_R_fle_car_1_1_1909530',1,0,0
'0186_R_fle_car_1_1_1812510',1,0,0
'0186_R_fle_car_1_1_132300',1,0,0
'0186_R_fle_car_1_1_1843380',1,0,0
'0186_R_fle_car_1_1_1719900',1,0,0
'0186_R_fle_car_1_1_1375920',1,0,0
'0186_R_fle_car_1_1_1349460',1,0,0
'0186_R_fle_car_1_1_1715490',1,0,0
'0186_R_fle_car_1_1_194040',1,0,0
'0186_R_fle_car_1_1_1115730',1,0,0
'0186_R_fle_car_1_1_1076040',1,0,0
'0186_R_fle_car_1_1_1865430',1,0,0
'0186_R_fle_car_1_1_1935990',1,0,0
'0186_R_fle_car_1_1_1415610',1,0,0
'0186_R_fle_car_1_1_1622880',1,0,0
'0186_R_fle_car_1_1_1508220',1,0,0
'0186_R_fle_car_1_1_1314180',1,0,0
'0186_R_fle_car_1_1_1067220',1,0,0
'0186_R_fle_car_1_1_114660',1,0,0
'0186_R_fle_car_1_1_1151010',1,0,0
'0186_R_fle_car_1_1_1155420',1,0,0
'0186_R_fle_car_1_1_1834560',1,0,0
'0186_R_fle_car_1_1_1565550',1,0,0
'0186_R_fle_car_1_1_1367100',1,0,0
'0186_R_fle_car_1_1_1596420',1,0,0
'0186_R_fle_car_1_1_1825740',1,0,0
'0186_R_fle_car_1_1_1252440',1,0,0
'0186_R_fle_car_1_1_1230390',1,0,0
'0186_R_fle_car_1_1_1711080',1,0,0
'0186_R_fle_car_1_1_1384740',1,0,0
'0186_R_fle_car_1_1_1547910',1,0,0
'0186_R_fle_car_1_1_1649340',1,0,0
'0186_R_fle_car_1_1_1446480',1,0,0
'0186_R_fle_car_1_1_1574370',1,0,0
'0186_R_fle_car_1_1_1428840',1,0,0
'0186_R_fle_car_1_1_1102500',1,0,0
'0186_R_fle_car_1_1_1278900',1,0,0
'0186_R_fle_car_1_1_1781640',1,0,0
'0186_R_fle_car_1_1_1318590',1,0,0
'0186_R_fle_car_1_1_1530270',1,0,0
'0186_R_fle_car_1_1_1111320',1,0,0
'0186_R_fle_car_1_1_1627290',1,0,0
'0186_R_fle_car_1_1_1071630',1,0,0
'0186_R_fle_car_1_1_1640520',1,0,0
'0186_R_fle_car_1_1_1794870',1,0,0
'0186_R_fle_car_1_1_1680210',1,0,0
'0186_R_fle_car_1_1_1803690',1,0,0
'0186_R_fle_car_1_1_1490580',1,0,0
'0186_R_fle_car_1_1_1525860',1,0,0
'0186_R_fle_car_1_1_1821330',1,0,0
'0186_R_fle_car_1_1_1362690',1,0,0
'0186_R_fle_car_1_1_1084860',1,0,0
'0186_R_fle_car_1_1_1587600',1,0,0
'0186_R_fle_car_1_1_1256850',1,0,0
'0186_R_fle_car_1_1_1887480',1,0,0
'0186_R_fle_car_1_1_1755180',1,0,0
'0186_R_fle_car_1_1_1521450',1,0,0
'0186_R_fle_car_1_1_1309770',1,0,0
'0186_R_fle_car_1_1_1552320',1,0,0
'0186_R_fle_car_1_1_1459710',1,0,0
'0186_R_fle_car_1_1_1199520',1,0,0
'0186_R_fle_car_1_1_1702260',1,0,0
'0186_R_fle_car_1_1_123480',1,0,0
'0186_R_fle_car_1_1_1944810',1,0,0
'0186_R_fle_car_1_1_1830150',1,0,0
'0186_R_fle_car_1_1_1534680',1,0,0
'0186_R_fle_car_1_1_1494990',1,0,0
'0186_R_fle_car_1_1_110250',1,0,0
'0186_R_fle_car_1_1_1838970',1,0,0
'0186_R_fle_car_1_1_1389150',1,0,0
'0186_R_fle_car_1_1_1287720',1,0,0
'0186_R_fle_car_1_1_1517040',1,0,0
'0186_R_fle_car_1_1_1913940',1,0,0
'0186_R_fle_car_1_1_1089270',1,0,0
'0186_R_fle_car_1_1_1243620',1,0,0
'0186_R_fle_car_1_1_1869840',1,0,0
'0186_R_fle_car_1_1_1737540',1,0,0
'0186_R_fle_car_1_1_1486170',1,0,0
'0186_R_fle_car_1_1_1265670',1,0,0
'0186_R_fle_car_1_1_1662570',1,0,0
'0186_R_fle_car_1_1_1658160',1,0,0
'0186_R_fle_car_1_1_1569960',1,0,0
'0186_R_fle_car_1_1_1724310',1,0,0
'0186_R_fle_car_1_1_1984500',1,0,0
'0186_R_fle_car_1_1_1675800',1,0,0
'0186_R_fle_car_1_1_1556730',1,0,0
'0186_R_fle_car_1_1_1764000',1,0,0
'0186_R_fle_car_1_1_1472940',1,0,0
'0186_R_fle_car_1_1_1190700',1,0,0
'0186_R_fle_car_1_1_1975680',1,0,0
'0186_R_fle_car_1_1_1477350',1,0,0
'0186_R_fle_car_1_1_1331820',1,0,0
'0186_R_fle_car_1_1_1181880',1,0,0
'0186_R_fle_car_1_1_1980090',1,0,0
'0186_R_fle_car_1_1_1424430',1,0,0
'0186_R_fle_car_1_1_1164240',1,0,0
'0186_R_fle_car_1_1_1689030',1,0,0
'0186_R_fle_car_1_1_1949220',1,0,0
'0186_R_fle_car_1_1_1380330',1,0,0
'0186_R_fle_car_1_1_1878660',1,0,0
'0186_R_fle_car_1_1_145530',1,0,0
'0186_R_fle_car_1_1_1217160',1,0,0
'0186_R_fle_car_1_1_1808100',1,0,0
'0186_R_fle_car_1_1_1080450',1,0,0
'0186_R_fle_car_1_1_1270080',1,0,0
'0186_R_fle_car_1_1_1098090',1,0,0
'0186_R_fle_car_1_1_1300950',1,0,0
'0186_R_fle_car_1_1_1922760',1,0,0
'0186_R_fle_car_1_1_1777230',1,0,0
'0186_R_fle_car_1_1_1614060',1,0,0
'0186_R_fle_car_1_1_1186290',1,0,0
'0186_R_fle_car_1_1_1212750',1,0,0
'0186_R_fle_car_1_1_1481760',1,0,0
'0186_R_fle_car_1_1_1852200',1,0,0
'0186_R_fle_car_1_1_1684620',1,0,0
'0186_R_fle_car_1_1_1891890',1,0,0
'0186_R_fle_car_1_1_1993320',1,0,0
'0186_R_fle_car_1_1_1062810',1,0,0
'0186_R_fle_car_1_1_1261260',1,0,0
'0186_R_fle_car_1_1_1393560',1,0,0
'0186_R_fle_car_1_1_1609650',1,0,0
'0186_R_fle_car_1_1_1234800',1,0,0
'0186_R_fle_car_1_1_1106910',1,0,0
'0186_R_fle_car_1_1_1539090',1,0,0
'0186_R_fle_car_1_1_1592010',1,0,0
'0186_R_fle_car_1_1_1768410',1,0,0
'0186_R_fle_car_1_1_1239210',1,0,0
'0186_R_fle_car_1_1_1203930',1,0,0
'0186_R_fle_car_1_1_1450890',1,0,0
'0186_R_fle_car_1_1_1706670',1,0,0
'0186_R_fle_car_1_1_1583190',1,0,0
'0186_R_fle_car_1_1_1340640',1,0,0
'0186_R_fle_car_1_1_1697850',1,0,0
'0186_R_fle_car_1_1_1733130',1,0,0
'0186_R_fle_car_1_1_1274490',1,0,0
'0186_R_fle_car_1_1_1578780',1,0,0
'0186_R_fle_car_1_1_1671390',1,0,0
'0186_R_fle_car_1_1_1927170',1,0,0
'0186_R_fle_car_1_1_1953630',1,0,0
'0186_R_fle_car_1_1_1120140',1,0,0
'0186_R_fle_car_1_1_1918350',1,0,0
'0186_R_fle_car_1_1_1406790',1,0,0
'0186_R_fle_car_1_1_1759590',1,0,0
'0186_R_fle_car_1_1_1971270',1,0,0
'0186_R_fle_car_1_1_1799280',1,0,0
'0186_R_fle_car_1_1_1847790',1,0,0
'0186_R_fle_car_1_1_1618470',1,0,0
'0186_R_fle_car_1_1_1988910',1,0,0
'0186_R_fle_car_1_1_1323000',1,0,0
'0186_R_fle_car_1_1_1283310',1,0,0
'0186_R_fle_car_1_1_1248030',1,0,0
'0186_R_fle_car_1_1_233730',0.6666666666666666,0.3333333333333333,0
'0186_R_fle_car_1_1_238140',0.6666666666666666,0.3333333333333333,0
'0186_R_fle_car_1_1_26460',0,1,0
'0186_R_fle_car_1_1_22050',0,1,0
'0186_R_fle_car_1_1_242550',0.6666666666666666,0.3333333333333333,0
'0186_R_fle_car_1_1_2447550',0,0,1
'0186_R_fle_car_1_1_2425500',0,0,1
'0186_R_fle_car_1_1_2870910',0.6666666666666666,0,0.3333333333333333
'0186_R_fle_car_1_1_2540160',0,0,1
'0186_R_fle_car_1_1_2509290',0,0,1
'0186_R_fle_car_1_1_2994390',0,0,1
'0186_R_fle_car_1_1_2438730',0,0,1
'0186_R_fle_car_1_1_2443140',0,0,1
'0186_R_fle_car_1_1_2610720',0,0,1
'0186_R_fle_car_1_1_2663640',0,0,1
'0186_R_fle_car_1_1_2998800',0,0,1
'0186_R_fle_car_1_1_2531340',0,0,1
'0186_R_fle_car_1_1_2601900',0,0,1
'0186_R_fle_car_1_1_2593080',0,0,1
'0186_R_fle_car_1_1_2491650',0,0,1
'0186_R_fle_car_1_1_2588670',0,0,1
'0186_R_fle_car_1_1_2910600',0,0,1
'0186_R_fle_car_1_1_2513700',0,0,1
'0186_R_fle_car_1_1_2434320',0,0,1
'0186_R_fle_car_1_1_2535750',0,0,1
'0186_R_fle_car_1_1_2685690',0.6666666666666666,0,0.3333333333333333
'0186_R_fle_car_1_1_2553390',0,0,1
'0186_R_fle_car_1_1_2504880',0,0,1
'0186_R_fle_car_1_1_2606310',0,0,1
'0186_R_fle_car_1_1_2901780',0,0,1
'0186_R_fle_car_1_1_2672460',0,0,1
'0186_R_fle_car_1_1_2879730',0.6666666666666666,0,0.3333333333333333
'0186_R_fle_car_1_1_2482830',0,0,1
'0186_R_fle_car_1_1_2584260',0,0,1
'0186_R_fle_car_1_1_2676870',0,0,1
'0186_R_fle_car_1_1_2487240',0,0,1
'0186_R_fle_car_1_1_2875320',0.6666666666666666,0,0.3333333333333333
'0186_R_fle_car_1_1_2906190',0,0,1
'0186_R_fle_car_1_1_2451960',0,0,1
'0186_R_fle_car_1_1_2681280',0,0,1
'0186_R_fle_car_1_1_2575440',0,0,1
'0186_R_fle_car_1_1_2892960',0,0,1
'0186_R_fle_car_1_1_2429910',0,0,1
'0186_R_fle_car_1_1_2571030',0,0,1
'0186_R_fle_car_1_1_2456370',0,0,1
'0186_R_fle_car_1_1_2668050',0,0,1
'0186_R_fle_car_1_1_2557800',0,0,1
'0186_R_fle_car_1_1_2500470',0,0,1
'0186_R_fle_car_1_1_2416680',0.6666666666666666,0,0.3333333333333333
'0186_R_fle_car_1_1_2579850',0,0,1
'0186_R_fle_car_1_1_2566620',0,0,1
'0186_R_fle_car_1_1_2888550',0,0,1
'0186_R_fle_car_1_1_2518110',0,0,1
'0186_R_fle_car_1_1_2460780',0,0,1
'0186_R_fle_car_1_1_2496060',0,0,1
'0186_R_fle_car_1_1_2412270',0.6666666666666666,0,0.3333333333333333
'0186_R_fle_car_1_1_2544570',0,0,1
'0186_R_fle_car_1_1_2919420',0,0,1
'0186_R_fle_car_1_1_2915010',0,0,1
'0186_R_fle_car_1_1_2421090',0,0,1
'0186_R_fle_car_1_1_2522520',0,0,1
'0186_R_fle_car_1_1_2597490',0,0,1
'0186_R_fle_car_1_1_2897370',0,0,1
'0186_R_fle_car_1_1_2478420',0,0,1
'0186_R_fle_car_1_1_2548980',0,0,1
'0186_R_fle_car_1_1_2465190',0,0,1
'0186_R_fle_car_1_1_2526930',0,0,1
'0186_R_fle_car_1_1_2562210',0,0,1
'0186_R_fle_car_1_1_2884140',0,0,1
'0186_R_fle_car_1_1_2469600',0.6666666666666666,0,0.3333333333333333
'0186_R_fle_car_1_1_2615130',0,0,1
'0186_R_fle_car_1_1_2619540',0.6666666666666666,0,0.3333333333333333
'0186_R_fle_car_1_1_2297610',1,0,0
'0186_R_fle_car_1_1_2394630',1,0,0
'0186_R_fle_car_1_1_2249100',1,0,0
'0186_R_fle_car_1_1_2182950',1,0,0
'0186_R_fle_car_1_1_2293200',1,0,0
'0186_R_fle_car_1_1_2844450',1,0,0
'0186_R_fle_car_1_1_2191770',1,0,0
'0186_R_fle_car_1_1_2332890',1,0,0
'0186_R_fle_car_1_1_2288790',1,0,0
'0186_R_fle_car_1_1_2002140',1,0,0
'0186_R_fle_car_1_1_2981160',1,0,0
'0186_R_fle_car_1_1_2253510',1,0,0
'0186_R_fle_car_1_1_2227050',1,0,0
'0186_R_fle_car_1_1_2028600',1,0,0
'0186_R_fle_car_1_1_2152080',1,0,0
'0186_R_fle_car_1_1_229320',1,0,0
'0186_R_fle_car_1_1_2231460',1,0,0
'0186_R_fle_car_1_1_2932650',1,0,0
'0186_R_fle_car_1_1_2235870',1,0,0
'0186_R_fle_car_1_1_2306430',1,0,0
'0186_R_fle_car_1_1_2209410',1,0,0
'0186_R_fle_car_1_1_2976750',1,0,0
'0186_R_fle_car_1_1_2853270',1,0,0
'0186_R_fle_car_1_1_2403450',1,0,0
'0186_R_fle_car_1_1_2989980',1,0,0
'0186_R_fle_car_1_1_2275560',1,0,0
'0186_R_fle_car_1_1_2390220',1,0,0
'0186_R_fle_car_1_1_2813580',1,0,0
'0186_R_fle_car_1_1_2328480',1,0,0
'0186_R_fle_car_1_1_2024190',1,0,0
'0186_R_fle_car_1_1_2809170',1,0,0
'0186_R_fle_car_1_1_2116800',1,0,0
'0186_R_fle_car_1_1_2399040',1,0,0
'0186_R_fle_car_1_1_2010960',1,0,0
'0186_R_fle_car_1_1_2848860',1,0,0
'0186_R_fle_car_1_1_2121210',1,0,0
'0186_R_fle_car_1_1_2835630',1,0,0
'0186_R_fle_car_1_1_2284380',1,0,0
'0186_R_fle_car_1_1_2945880',1,0,0
'0186_R_fle_car_1_1_207270',1,0,0
'0186_R_fle_car_1_1_2165310',1,0,0
'0186_R_fle_car_1_1_2800350',1,0,0
'0186_R_fle_car_1_1_2240280',1,0,0
'0186_R_fle_car_1_1_2187360',1,0,0
'0186_R_fle_car_1_1_2099160',1,0,0
'0186_R_fle_car_1_1_2985570',1,0,0
'0186_R_fle_car_1_1_2063880',1,0,0
'0186_R_fle_car_1_1_2341710',1,0,0
'0186_R_fle_car_1_1_2015370',1,0,0
'0186_R_fle_car_1_1_2081520',1,0,0
'0186_R_fle_car_1_1_2130030',1,0,0
'0186_R_fle_car_1_1_2310840',1,0,0
'0186_R_fle_car_1_1_2959110',1,0,0
'0186_R_fle_car_1_1_2156490',1,0,0
'0186_R_fle_car_1_1_2279970',1,0,0
'0186_R_fle_car_1_1_220500',1,0,0
'0186_R_fle_car_1_1_2804760',1,0,0
'0186_R_fle_car_1_1_2954700',1,0,0
'0186_R_fle_car_1_1_2055060',1,0,0
'0186_R_fle_car_1_1_2937060',1,0,0
'0186_R_fle_car_1_1_2350530',1,0,0
'0186_R_fle_car_1_1_2972340',1,0,0
'0186_R_fle_car_1_1_2385810',1,0,0
'0186_R_fle_car_1_1_2178540',1,0,0
'0186_R_fle_car_1_1_2090340',1,0,0
'0186_R_fle_car_1_1_216090',1,0,0
'0186_R_fle_car_1_1_2822400',1,0,0
'0186_R_fle_car_1_1_2840040',1,0,0
'0186_R_fle_car_1_1_2072700',1,0,0
'0186_R_fle_car_1_1_2085930',1,0,0
'0186_R_fle_car_1_1_2862090',1,0,0
'0186_R_fle_car_1_1_2376990',1,0,0
'0186_R_fle_car_1_1_2817990',1,0,0
'0186_R_fle_car_1_1_2372580',1,0,0
'0186_R_fle_car_1_1_2200590',1,0,0
'0186_R_fle_car_1_1_2143260',1,0,0
'0186_R_fle_car_1_1_2831220',1,0,0
'0186_R_fle_car_1_1_2941470',1,0,0
'0186_R_fle_car_1_1_2857680',1,0,0
'0186_R_fle_car_1_1_2147670',1,0,0
'0186_R_fle_car_1_1_2967930',1,0,0
'0186_R_fle_car_1_1_2381400',1,0,0
'0186_R_fle_car_1_1_2050650',1,0,0
'0186_R_fle_car_1_1_2160900',1,0,0
'0186_R_fle_car_1_1_2257920',1,0,0
'0186_R_fle_car_1_1_2346120',1,0,0
'0186_R_fle_car_1_1_2359350',1,0,0
'0186_R_fle_car_1_1_2006550',1,0,0
'0186_R_fle_car_1_1_2107980',1,0,0
'0186_R_fle_car_1_1_2037420',1,0,0
'0186_R_fle_car_1_1_2169720',1,0,0
'0186_R_fle_car_1_1_2213820',1,0,0
'0186_R_fle_car_1_1_2094750',1,0,0
'0186_R_fle_car_1_1_2407860',1,0,0
'0186_R_fle_car_1_1_2302020',1,0,0
'0186_R_fle_car_1_1_2354940',1,0,0
'0186_R_fle_car_1_1_2112390',1,0,0
'0186_R_fle_car_1_1_2174130',1,0,0
'0186_R_fle_car_1_1_2266740',1,0,0
'0186_R_fle_car_1_1_2324070',1,0,0
'0186_R_fle_car_1_1_224910',1,0,0
'0186_R_fle_car_1_1_211680',1,0,0
'0186_R_fle_car_1_1_2125620',1,0,0
'0186_R_fle_car_1_1_2068290',1,0,0
'0186_R_fle_car_1_1_2319660',1,0,0
'0186_R_fle_car_1_1_2196180',1,0,0
'0186_R_fle_car_1_1_2950290',1,0,0
'0186_R_fle_car_1_1_2138850',1,0,0
'0186_R_fle_car_1_1_2315250',1,0,0
'0186_R_fle_car_1_1_2866500',1,0,0
'0186_R_fle_car_1_1_202860',1,0,0
'0186_R_fle_car_1_1_2963520',1,0,0
'0186_R_fle_car_1_1_2059470',1,0,0
'0186_R_fle_car_1_1_2041830',1,0,0
'0186_R_fle_car_1_1_2033010',1,0,0
'0186_R_fle_car_1_1_2244690',1,0,0
'0186_R_fle_car_1_1_2103570',1,0,0
'0186_R_fle_car_1_1_2826810',1,0,0
'0186_R_fle_car_1_1_2019780',1,0,0
'0186_R_fle_car_1_1_2363760',1,0,0
'0186_R_fle_car_1_1_2262330',1,0,0
'0186_R_fle_car_1_1_2218230',1,0,0
'0186_R_fle_car_1_1_2222640',1,0,0
'0186_R_fle_car_1_1_2077110',1,0,0
'0186_R_fle_car_1_1_2368170',1,0,0
'0186_R_fle_car_1_1_2134440',1,0,0
'0186_R_fle_car_1_1_2046240',1,0,0
'0186_R_fle_car_1_1_2205000',1,0,0
'0186_R_fle_car_1_1_2337300',1,0,0
'0186_R_fle_car_1_1_2271150',1,0,0
'0186_R_fle_car_1_1_3589740',0,1,0
'0186_R_fle_car_1_1_3488310',0,1,0
'0186_R_fle_car_1_1_3572100',0,1,0
'0186_R_fle_car_1_1_3501540',0,1,0
'0186_R_fle_car_1_1_30870',0,1,0
'0186_R_fle_car_1_1_3453030',0,1,0
'0186_R_fle_car_1_1_3594150',0,1,0
'0186_R_fle_car_1_1_3536820',0,1,0
'0186_R_fle_car_1_1_3545640',0,1,0
'0186_R_fle_car_1_1_3607380',0,1,0
'0186_R_fle_car_1_1_3479490',0,1,0
'0186_R_fle_car_1_1_3550050',0,1,0
'0186_R_fle_car_1_1_3492720',0,1,0
'0186_R_fle_car_1_1_3611790',0,1,0
'0186_R_fle_car_1_1_3475080',0,1,0
'0186_R_fle_car_1_1_3519180',0,1,0
'0186_R_fle_car_1_1_3497130',0,1,0
'0186_R_fle_car_1_1_3585330',0,1,0
'0186_R_fle_car_1_1_3532410',0,1,0
'0186_R_fle_car_1_1_3430980',0.6666666666666666,0.3333333333333333,0
'0186_R_fle_car_1_1_3598560',0,1,0
'0186_R_fle_car_1_1_3470670',0,1,0
'0186_R_fle_car_1_1_3461850',0,1,0
'0186_R_fle_car_1_1_3523590',0,1,0
'0186_R_fle_car_1_1_3602970',0,1,0
'0186_R_fle_car_1_1_3558870',0,1,0
'0186_R_fle_car_1_1_3483900',0,1,0
'0186_R_fle_car_1_1_3514770',0,1,0
'0186_R_fle_car_1_1_3616200',0,1,0
'0186_R_fle_car_1_1_3457440',0,1,0
'0186_R_fle_car_1_1_3554460',0,1,0
'0186_R_fle_car_1_1_3580920',0,1,0
'0186_R_fle_car_1_1_3505950',0,1,0
'0186_R_fle_car_1_1_3466260',0,1,0
'0186_R_fle_car_1_1_3576510',0,1,0
'0186_R_fle_car_1_1_35280',0,1,0
'0186_R_fle_car_1_1_3620610',0,1,0
'0186_R_fle_car_1_1_39690',0,1,0
'0186_R_fle_car_1_1_3510360',0,1,0
'0186_R_fle_car_1_1_3563280',0,1,0
'0186_R_fle_car_1_1_3528000',0,1,0
'0186_R_fle_car_1_1_3541230',0,1,0
'0186_R_fle_car_1_1_3625020',0,1,0
'0186_R_fle_car_1_1_3567690',0,1,0
'0186_R_fle_car_1_1_3206070',0,0,1
'0186_R_fle_car_1_1_3294270',0,0,1
'0186_R_fle_car_1_1_3078180',0,0,1
'0186_R_fle_car_1_1_3241350',0,0,1
'0186_R_fle_car_1_1_3867570',0,0,1
'0186_R_fle_car_1_1_3739680',0,0,1
'0186_R_fle_car_1_1_3770550',0,0,1
'0186_R_fle_car_1_1_3797010',0,0,1
'0186_R_fle_car_1_1_3091410',0,0,1
'0186_R_fle_car_1_1_3007620',0,0,1
'0186_R_fle_car_1_1_3854340',0,0,1
'0186_R_fle_car_1_1_3042900',0,0,1
'0186_R_fle_car_1_1_3885210',0,0,1
'0186_R_fle_car_1_1_3104640',0,0,1
'0186_R_fle_car_1_1_3082590',0,0,1
'0186_R_fle_car_1_1_3201660',0,0,1
'0186_R_fle_car_1_1_3801420',0,0,1
'0186_R_fle_car_1_1_3223710',0,0,1
'0186_R_fle_car_1_1_3029670',0,0,1
'0186_R_fle_car_1_1_3250170',0.6666666666666666,0,0.3333333333333333
'0186_R_fle_car_1_1_3863160',0,0,1
'0186_R_fle_car_1_1_3819060',0,0,1
'0186_R_fle_car_1_1_3285450',0,0,1
'0186_R_fle_car_1_1_3109050',0,0,1
'0186_R_fle_car_1_1_3258990',0,0,1
'0186_R_fle_car_1_1_3876390',0,0,1
'0186_R_fle_car_1_1_3298680',0,0,1
'0186_R_fle_car_1_1_3245760',0,0,1
'0186_R_fle_car_1_1_3020850',0,0,1
'0186_R_fle_car_1_1_3254580',0,0,1
'0186_R_fle_car_1_1_3166380',0,0,1
'0186_R_fle_car_1_1_3139920',0,0,1
'0186_R_fle_car_1_1_3069360',0,0,1
'0186_R_fle_car_1_1_3179610',0,0,1
'0186_R_fle_car_1_1_3095820',0,0,1
'0186_R_fle_car_1_1_3087000',0,0,1
'0186_R_fle_car_1_1_3774960',0,0,1
'0186_R_fle_car_1_1_3034080',0,0,1
'0186_R_fle_car_1_1_3823470',0,0,1
'0186_R_fle_car_1_1_3281040',0,0,1
'0186_R_fle_car_1_1_3805830',0,0,1
'0186_R_fle_car_1_1_3792600',0,0,1
'0186_R_fle_car_1_1_3858750',0,0,1
'0186_R_fle_car_1_1_3814650',0,0,1
'0186_R_fle_car_1_1_3144330',0,0,1
'0186_R_fle_car_1_1_3117870',0,0,1
'0186_R_fle_car_1_1_3113460',0,0,1
'0186_R_fle_car_1_1_3761730',0,0,1
'0186_R_fle_car_1_1_3232530',0,0,1
'0186_R_fle_car_1_1_3025260',0,0,1
'0186_R_fle_car_1_1_3748500',0,0,1
'0186_R_fle_car_1_1_3184020',0,0,1
'0186_R_fle_car_1_1_3188430',0,0,1
'0186_R_fle_car_1_1_3161970',0,0,1
'0186_R_fle_car_1_1_3126690',0,0,1
'0186_R_fle_car_1_1_3135510',0,0,1
'0186_R_fle_car_1_1_3131100',0,0,1
'0186_R_fle_car_1_1_3236940',0,0,1
'0186_R_fle_car_1_1_3757320',0,0,1
'0186_R_fle_car_1_1_3175200',0,0,1
'0186_R_fle_car_1_1_3038490',0,0,1
'0186_R_fle_car_1_1_3880800',0,0,1
'0186_R_fle_car_1_1_3744090',0,0,1
'0186_R_fle_car_1_1_3276630',0,0,1
'0186_R_fle_car_1_1_3219300',0,0,1
'0186_R_fle_car_1_1_3012030',0,0,1
'0186_R_fle_car_1_1_3289860',0,0,1
'0186_R_fle_car_1_1_3779370',0,0,1
'0186_R_fle_car_1_1_3752910',0,0,1
'0186_R_fle_car_1_1_3311910',0.6666666666666666,0,0.3333333333333333
'0186_R_fle_car_1_1_3263400',0,0,1
'0186_R_fle_car_1_1_3157560',0,0,1
'0186_R_fle_car_1_1_3148740',0,0,1
'0186_R_fle_car_1_1_3170790',0,0,1
'0186_R_fle_car_1_1_3073770',0,0,1
'0186_R_fle_car_1_1_3633840',0,0,1
'0186_R_fle_car_1_1_3783780',0,0,1
'0186_R_fle_car_1_1_3016440',0,0,1
'0186_R_fle_car_1_1_3871980',0,0,1
'0186_R_fle_car_1_1_3100230',0,0,1
'0186_R_fle_car_1_1_3307500',0.6666666666666666,0,0.3333333333333333
'0186_R_fle_car_1_1_3267810',0,0,1
'0186_R_fle_car_1_1_3056130',0,0,1
'0186_R_fle_car_1_1_3197250',0,0,1
'0186_R_fle_car_1_1_3735270',0,0,1
'0186_R_fle_car_1_1_3047310',0,0,1
'0186_R_fle_car_1_1_3192840',0,0,1
'0186_R_fle_car_1_1_3064950',0,0,1
'0186_R_fle_car_1_1_3153150',0,0,1
'0186_R_fle_car_1_1_3766140',0,0,1
'0186_R_fle_car_1_1_3272220',0,0,1
'0186_R_fle_car_1_1_3810240',0,0,1
'0186_R_fle_car_1_1_3003210',0,0,1
'0186_R_fle_car_1_1_3051720',0,0,1
'0186_R_fle_car_1_1_3228120',0,0,1
'0186_R_fle_car_1_1_3122280',0,0,1
'0186_R_fle_car_1_1_3210480',0,0,1
'0186_R_fle_car_1_1_3629430',0,0,1
'0186_R_fle_car_1_1_3788190',0,0,1
'0186_R_fle_car_1_1_3060540',0,0,1
'0186_R_fle_car_1_1_3642660',0,0,1
'0186_R_fle_car_1_1_3214890',0,0,1
'0186_R_fle_car_1_1_3303090',0.6666666666666666,0,0.3333333333333333
'0186_R_fle_car_1_1_3827880',0,0,1
'0186_R_fle_car_1_1_3894030',0.6666666666666666,0,0.3333333333333333
'0186_R_fle_car_1_1_3889620',0.6666666666666666,0,0.3333333333333333
'0186_R_fle_car_1_1_3902850',1,0,0
'0186_R_fle_car_1_1_3916080',1,0,0
'0186_R_fle_car_1_1_3907260',1,0,0
'0186_R_fle_car_1_1_3973410',1,0,0
'0186_R_fle_car_1_1_3360420',1,0,0
'0186_R_fle_car_1_1_3364830',1,0,0
'0186_R_fle_car_1_1_3977820',1,0,0
'0186_R_fle_car_1_1_3951360',1,0,0
'0186_R_fle_car_1_1_3933720',1,0,0
'0186_R_fle_car_1_1_3982230',1,0,0
'0186_R_fle_car_1_1_3373650',1,0,0
'0186_R_fle_car_1_1_3329550',1,0,0
'0186_R_fle_car_1_1_3955770',1,0,0
'0186_R_fle_car_1_1_3942540',1,0,0
'0186_R_fle_car_1_1_3920490',1,0,0
'0186_R_fle_car_1_1_3946950',1,0,0
'0186_R_fle_car_1_1_3320730',1,0,0
'0186_R_fle_car_1_1_3426570',1,0,0
'0186_R_fle_car_1_1_3898440',1,0,0
'0186_R_fle_car_1_1_3342780',1,0,0
'0186_R_fle_car_1_1_3991050',1,0,0
'0186_R_fle_car_1_1_3986640',1,0,0
'0186_R_fle_car_1_1_3391290',1,0,0
'0186_R_fle_car_1_1_3369240',1,0,0
'0186_R_fle_car_1_1_3382470',1,0,0
'0186_R_fle_car_1_1_3378060',1,0,0
'0186_R_fle_car_1_1_3911670',1,0,0
'0186_R_fle_car_1_1_3999870',1,0,0
'0186_R_fle_car_1_1_3386880',1,0,0
'0186_R_fle_car_1_1_3960180',1,0,0
'0186_R_fle_car_1_1_3356010',1,0,0
'0186_R_fle_car_1_1_3325140',1,0,0
'0186_R_fle_car_1_1_3395700',1,0,0
'0186_R_fle_car_1_1_3924900',1,0,0
'0186_R_fle_car_1_1_3347190',1,0,0
'0186_R_fle_car_1_1_3316320',1,0,0
'0186_R_fle_car_1_1_3408930',1,0,0
'0186_R_fle_car_1_1_3413340',1,0,0
'0186_R_fle_car_1_1_3351600',1,0,0
'0186_R_fle_car_1_1_3995460',1,0,0
'0186_R_fle_car_1_1_3417750',1,0,0
'0186_R_fle_car_1_1_3404520',1,0,0
'0186_R_fle_car_1_1_3938130',1,0,0
'0186_R_fle_car_1_1_3400110',1,0,0
'0186_R_fle_car_1_1_3929310',1,0,0
'0186_R_fle_car_1_1_3338370',1,0,0
'0186_R_fle_car_1_1_3969000',1,0,0
'0186_R_fle_car_1_1_3964590',1,0,0
'0186_R_fle_car_1_1_3333960',1,0,0
'0186_R_fle_car_1_1_3422160',1,0,0
'0186_R_fle_car_1_1_4846590',0,1,0
'0186_R_fle_car_1_1_4793670',0,1,0
'0186_R_fle_car_1_1_4776030',0,1,0
'0186_R_fle_car_1_1_4083660',0,1,0
'0186_R_fle_car_1_1_4110120',0,1,0
'0186_R_fle_car_1_1_4017510',0,1,0
'0186_R_fle_car_1_1_4140990',0,1,0
'0186_R_fle_car_1_1_4683420',0,1,0
'0186_R_fle_car_1_1_4762800',0,1,0
'0186_R_fle_car_1_1_4864230',0,1,0
'0186_R_fle_car_1_1_44100',0,1,0
'0186_R_fle_car_1_1_4921560',0,1,0
'0186_R_fle_car_1_1_4626090',0,1,0
'0186_R_fle_car_1_1_4767210',0,1,0
'0186_R_fle_car_1_1_4154220',0,1,0
'0186_R_fle_car_1_1_4881870',0,1,0
'0186_R_fle_car_1_1_4974480',0,1,0
'0186_R_fle_car_1_1_4661370',0,1,0
'0186_R_fle_car_1_1_4842180',0,1,0
'0186_R_fle_car_1_1_4599630',0,1,0
'0186_R_fle_car_1_1_4815720',0,1,0
'0186_R_fle_car_1_1_4851000',0,1,0
'0186_R_fle_car_1_1_4123350',0,1,0
'0186_R_fle_car_1_1_4824540',0,1,0
'0186_R_fle_car_1_1_4127760',0,1,0
'0186_R_fle_car_1_1_4643730',0,1,0
'0186_R_fle_car_1_1_4798080',0,1,0
'0186_R_fle_car_1_1_4410',0,1,0
'0186_R_fle_car_1_1_4105710',0,1,0
'0186_R_fle_car_1_1_4899510',0,1,0
'0186_R_fle_car_1_1_4118940',0,1,0
'0186_R_fle_car_1_1_4837770',0,1,0
'0186_R_fle_car_1_1_4789260',0,1,0
'0186_R_fle_car_1_1_4066020',0,1,0
'0186_R_fle_car_1_1_4088070',0,1,0
'0186_R_fle_car_1_1_4634910',0,1,0
'0186_R_fle_car_1_1_4828950',0,1,0
'0186_R_fle_car_1_1_4855410',0,1,0
'0186_R_fle_car_1_1_4780440',0,1,0
'0186_R_fle_car_1_1_4806900',0,1,0
'0186_R_fle_car_1_1_4811310',0,1,0
'0186_R_fle_car_1_1_4039560',0,1,0
'0186_R_fle_car_1_1_4970070',0,1,0
'0186_R_fle_car_1_1_4948020',0,1,0
'0186_R_fle_car_1_1_4092480',0,1,0
'0186_R_fle_car_1_1_4604040',0,1,0
'0186_R_fle_car_1_1_4665780',0,1,0
'0186_R_fle_car_1_1_4652550',0,1,0
'0186_R_fle_car_1_1_4753980',0,1,0
'0186_R_fle_car_1_1_4074840',0,1,0
'0186_R_fle_car_1_1_4096890',0,1,0
'0186_R_fle_car_1_1_4802490',0,1,0
'0186_R_fle_car_1_1_4079250',0,1,0
'0186_R_fle_car_1_1_4820130',0,1,0
'0186_R_fle_car_1_1_4992120',0,1,0
'0186_R_fle_car_1_1_4965660',0,1,0
'0186_R_fle_car_1_1_4978890',0,1,0
'0186_R_fle_car_1_1_4612860',0,1,0
'0186_R_fle_car_1_1_4656960',0,1,0
'0186_R_fle_car_1_1_4167450',0,1,0
'0186_R_fle_car_1_1_4639320',0,1,0
'0186_R_fle_car_1_1_4114530',0,1,0
'0186_R_fle_car_1_1_4930380',0,1,0
'0186_R_fle_car_1_1_4868640',0,1,0
'0186_R_fle_car_1_1_4903920',0,1,0
'0186_R_fle_car_1_1_4939200',0,1,0
'0186_R_fle_car_1_1_4917150',0,1,0
'0186_R_fle_car_1_1_4145400',0,1,0
'0186_R_fle_car_1_1_48510',0,1,0
'0186_R_fle_car_1_1_4608450',0,1,0
'0186_R_fle_car_1_1_4873050',0,1,0
'0186_R_fle_car_1_1_4833360',0,1,0
'0186_R_fle_car_1_1_4943610',0,1,0
'0186_R_fle_car_1_1_4136580',0,1,0
'0186_R_fle_car_1_1_4648140',0,1,0
'0186_R_fle_car_1_1_4670190',0,1,0
'0186_R_fle_car_1_1_4890690',0,1,0
'0186_R_fle_car_1_1_4043970',0,1,0
'0186_R_fle_car_1_1_4925970',0,1,0
'0186_R_fle_car_1_1_4784850',0,1,0
'0186_R_fle_car_1_1_4952430',0,1,0
'0186_R_fle_car_1_1_4758390',0,1,0
'0186_R_fle_car_1_1_4048380',0,1,0
'0186_R_fle_car_1_1_4057200',0,1,0
'0186_R_fle_car_1_1_4987710',0,1,0
'0186_R_fle_car_1_1_4908330',0,1,0
'0186_R_fle_car_1_1_4859820',0,1,0
'0186_R_fle_car_1_1_4745160',0,1,0
'0186_R_fle_car_1_1_4749570',0,1,0
'0186_R_fle_car_1_1_4132170',0,1,0
'0186_R_fle_car_1_1_4886280',0,1,0
'0186_R_fle_car_1_1_4163040',0,1,0
'0186_R_fle_car_1_1_4630500',0,1,0
'0186_R_fle_car_1_1_4052790',0,1,0
'0186_R_fle_car_1_1_4621680',0,1,0
'0186_R_fle_car_1_1_4956840',0,1,0
'0186_R_fle_car_1_1_4912740',0,1,0
'0186_R_fle_car_1_1_4101300',0,1,0
'0186_R_fle_car_1_1_4617270',0,1,0
'0186_R_fle_car_1_1_4158630',0,1,0
'0186_R_fle_car_1_1_4679010',0,1,0
'0186_R_fle_car_1_1_4996530',0,1,0
'0186_R_fle_car_1_1_4070430',0,1,0
'0186_R_fle_car_1_1_4171860',0,1,0
'0186_R_fle_car_1_1_4061610',0,1,0
'0186_R_fle_car_1_1_4674600',0,1,0
'0186_R_fle_car_1_1_4692240',0,1,0
'0186_R_fle_car_1_1_4934790',0,1,0
'0186_R_fle_car_1_1_4149810',0,1,0
'0186_R_fle_car_1_1_4008690',0.6666666666666666,0.3333333333333333,0
'0186_R_fle_car_1_1_4983300',0,1,0
'0186_R_fle_car_1_1_4013100',0,1,0
'0186_R_fle_car_1_1_4687830',0,1,0
'0186_R_fle_car_1_1_4771620',0,1,0
'0186_R_fle_car_1_1_4961250',0,1,0
'0186_R_fle_car_1_1_4696650',0,1,0
'0186_R_fle_car_1_1_4176270',0,1,0
'0186_R_fle_car_1_1_4877460',0,1,0
'0186_R_fle_car_1_1_4895100',0,1,0
'0186_R_fle_car_1_1_4405590',0,0,1
'0186_R_fle_car_1_1_4387950',0,0,1
'0186_R_fle_car_1_1_4529070',0,0,1
'0186_R_fle_car_1_1_4515840',0,0,1
'0186_R_fle_car_1_1_4348260',0,0,1
'0186_R_fle_car_1_1_4520250',0,0,1
'0186_R_fle_car_1_1_4458510',0,0,1
'0186_R_fle_car_1_1_4370310',0,0,1
'0186_R_fle_car_1_1_4568760',0,0,1
'0186_R_fle_car_1_1_4586400',0,0,1
'0186_R_fle_car_1_1_4410000',0,0,1
'0186_R_fle_car_1_1_4445280',0,0,1
'0186_R_fle_car_1_1_4361490',0,0,1
'0186_R_fle_car_1_1_4365900',0,0,1
'0186_R_fle_car_1_1_4564350',0,0,1
'0186_R_fle_car_1_1_4396770',0,0,1
'0186_R_fle_car_1_1_4427640',0,0,1
'0186_R_fle_car_1_1_4374720',0,0,1
'0186_R_fle_car_1_1_4423230',0,0,1
'0186_R_fle_car_1_1_4555530',0,0,1
'0186_R_fle_car_1_1_4471740',0.6666666666666666,0,0.3333333333333333
'0186_R_fle_car_1_1_4414410',0,0,1
'0186_R_fle_car_1_1_4551120',0,0,1
'0186_R_fle_car_1_1_4581990',0,0,1
'0186_R_fle_car_1_1_4590810',0,0,1
'0186_R_fle_car_1_1_4546710',0,0,1
'0186_R_fle_car_1_1_4537890',0,0,1
'0186_R_fle_car_1_1_4436460',0,0,1
'0186_R_fle_car_1_1_4383540',0,0,1
'0186_R_fle_car_1_1_4352670',0,0,1
'0186_R_fle_car_1_1_4432050',0,0,1
'0186_R_fle_car_1_1_4401180',0,0,1
'0186_R_fle_car_1_1_4440870',0,0,1
'0186_R_fle_car_1_1_4480560',0.6666666666666666,0,0.3333333333333333
'0186_R_fle_car_1_1_4462920',0,0,1
'0186_R_fle_car_1_1_4577580',0,0,1
'0186_R_fle_car_1_1_4449690',0,0,1
'0186_R_fle_car_1_1_4476150',0.6666666666666666,0,0.3333333333333333
'0186_R_fle_car_1_1_4524660',0,0,1
'0186_R_fle_car_1_1_4392360',0,0,1
'0186_R_fle_car_1_1_4343850',0,0,1
'0186_R_fle_car_1_1_4418820',0,0,1
'0186_R_fle_car_1_1_4454100',0,0,1
'0186_R_fle_car_1_1_4595220',0.6666666666666666,0,0.3333333333333333
'0186_R_fle_car_1_1_4559940',0,0,1
'0186_R_fle_car_1_1_4533480',0,0,1
'0186_R_fle_car_1_1_4542300',0,0,1
'0186_R_fle_car_1_1_4573170',0,0,1
'0186_R_fle_car_1_1_4467330',0.6666666666666666,0,0.3333333333333333
'0186_R_fle_car_1_1_4357080',0,0,1
'0186_R_fle_car_1_1_4379130',0,0,1
'0186_R_fle_car_1_1_480690',1,0,0
'0186_R_fle_car_1_1_467460',1,0,0
'0186_R_fle_car_1_1_4260060',1,0,0
'0186_R_fle_car_1_1_427770',1,0,0
'0186_R_fle_car_1_1_4246830',1,0,0
'0186_R_fle_car_1_1_4330620',1,0,0
'0186_R_fle_car_1_1_4264470',1,0,0
'0186_R_fle_car_1_1_4224780',1,0,0
'0186_R_fle_car_1_1_449820',1,0,0
'0186_R_fle_car_1_1_4321800',1,0,0
'0186_R_fle_car_1_1_441000',1,0,0
'0186_R_fle_car_1_1_4317390',1,0,0
'0186_R_fle_car_1_1_4233600',1,0,0
'0186_R_fle_car_1_1_4207140',1,0,0
'0186_R_fle_car_1_1_493920',1,0,0
'0186_R_fle_car_1_1_4282110',1,0,0
'0186_R_fle_car_1_1_463050',1,0,0
'0186_R_fle_car_1_1_4189500',1,0,0
'0186_R_fle_car_1_1_4308570',1,0,0
'0186_R_fle_car_1_1_489510',1,0,0
'0186_R_fle_car_1_1_4180680',1,0,0
'0186_R_fle_car_1_1_4215960',1,0,0
'0186_R_fle_car_1_1_4295340',1,0,0
'0186_R_fle_car_1_1_4286520',1,0,0
'0186_R_fle_car_1_1_4502610',1,0,0
'0186_R_fle_car_1_1_4242420',1,0,0
'0186_R_fle_car_1_1_432180',1,0,0
'0186_R_fle_car_1_1_4339440',1,0,0
'0186_R_fle_car_1_1_4004280',1,0,0
'0186_R_fle_car_1_1_4511430',1,0,0
'0186_R_fle_car_1_1_4277700',1,0,0
'0186_R_fle_car_1_1_4255650',1,0,0
'0186_R_fle_car_1_1_4335030',1,0,0
'0186_R_fle_car_1_1_418950',1,0,0
'0186_R_fle_car_1_1_4185090',1,0,0
'0186_R_fle_car_1_1_445410',1,0,0
'0186_R_fle_car_1_1_458640',1,0,0
'0186_R_fle_car_1_1_454230',1,0,0
'0186_R_fle_car_1_1_476280',1,0,0
'0186_R_fle_car_1_1_4220370',1,0,0
'0186_R_fle_car_1_1_4312980',1,0,0
'0186_R_fle_car_1_1_4290930',1,0,0
'0186_R_fle_car_1_1_4202730',1,0,0
'0186_R_fle_car_1_1_4238010',1,0,0
'0186_R_fle_car_1_1_471870',1,0,0
'0186_R_fle_car_1_1_498330',1,0,0
'0186_R_fle_car_1_1_4211550',1,0,0
'0186_R_fle_car_1_1_4229190',1,0,0
'0186_R_fle_car_1_1_4198320',1,0,0
'0186_R_fle_car_1_1_4484970',1,0,0
'0186_R_fle_car_1_1_4251240',1,0,0
'0186_R_fle_car_1_1_4489380',1,0,0
'0186_R_fle_car_1_1_4268880',1,0,0
'0186_R_fle_car_1_1_4193910',1,0,0
'0186_R_fle_car_1_1_4498200',1,0,0
'0186_R_fle_car_1_1_485100',1,0,0
'0186_R_fle_car_1_1_4299750',1,0,0
'0186_R_fle_car_1_1_4273290',1,0,0
'0186_R_fle_car_1_1_4493790',1,0,0
'0186_R_fle_car_1_1_436590',1,0,0
'0186_R_fle_car_1_1_4507020',1,0,0
'0186_R_fle_car_1_1_4326210',1,0,0
'0186_R_fle_car_1_1_423360',1,0,0
'0186_R_fle_car_1_1_4304160',1,0,0
'0186_R_fle_car_1_1_5000940',0,1,0
'0186_R_fle_car_1_1_5005350',0,1,0
'0186_R_fle_car_1_1_5009760',0,1,0
'0186_R_fle_car_1_1_5018580',0,1,0
'0186_R_fle_car_1_1_52920',0,1,0
'0186_R_fle_car_1_1_5014170',0,1,0
'0186_R_fle_car_1_1_57330',0,1,0
'0186_R_fle_car_1_1_5261130',0,0,1
'0186_R_fle_car_1_1_5256720',0,0,1
'0186_R_fle_car_1_1_5252310',0,0,1
'0186_R_fle_car_1_1_5243490',0,0,1
'0186_R_fle_car_1_1_5239080',0,0,1
'0186_R_fle_car_1_1_5247900',0,0,1
'0186_R_fle_car_1_1_5234670',0,0,1
'0186_R_fle_car_1_1_5265540',0,0,1
'0186_R_fle_car_1_1_590940',0.6666666666666666,0,0.3333333333333333
'0186_R_fle_car_1_1_599760',0,0,1
'0186_R_fle_car_1_1_595350',0.6666666666666666,0,0.3333333333333333
'0186_R_fle_car_1_1_5124420',1,0,0
'0186_R_fle_car_1_1_5067090',1,0,0
'0186_R_fle_car_1_1_577710',1,0,0
'0186_R_fle_car_1_1_5225850',1,0,0
'0186_R_fle_car_1_1_5058270',1,0,0
'0186_R_fle_car_1_1_5115600',1,0,0
'0186_R_fle_car_1_1_5133240',1,0,0
'0186_R_fle_car_1_1_582120',1,0,0
'0186_R_fle_car_1_1_5071500',1,0,0
'0186_R_fle_car_1_1_5199390',1,0,0
'0186_R_fle_car_1_1_5230260',1,0,0
'0186_R_fle_car_1_1_5045040',1,0,0
'0186_R_fle_car_1_1_538020',1,0,0
'0186_R_fle_car_1_1_502740',1,0,0
'0186_R_fle_car_1_1_529200',1,0,0
'0186_R_fle_car_1_1_542430',1,0,0
'0186_R_fle_car_1_1_5075910',1,0,0
'0186_R_fle_car_1_1_5106780',1,0,0
'0186_R_fle_car_1_1_5159700',1,0,0
'0186_R_fle_car_1_1_5062680',1,0,0
'0186_R_fle_car_1_1_5053860',1,0,0
'0186_R_fle_car_1_1_5150880',1,0,0
'0186_R_fle_car_1_1_5097960',1,0,0
'0186_R_fle_car_1_1_515970',1,0,0
'0186_R_fle_car_1_1_5164110',1,0,0
'0186_R_fle_car_1_1_533610',1,0,0
'0186_R_fle_car_1_1_5036220',1,0,0
'0186_R_fle_car_1_1_5022990',1,0,0
'0186_R_fle_car_1_1_524790',1,0,0
'0186_R_fle_car_1_1_507150',1,0,0
'0186_R_fle_car_1_1_5137650',1,0,0
'0186_R_fle_car_1_1_5155290',1,0,0
'0186_R_fle_car_1_1_5168520',1,0,0
'0186_R_fle_car_1_1_5203800',1,0,0
'0186_R_fle_car_1_1_5172930',1,0,0
'0186_R_fle_car_1_1_560070',1,0,0
'0186_R_fle_car_1_1_5128830',1,0,0
'0186_R_fle_car_1_1_5217030',1,0,0
'0186_R_fle_car_1_1_5142060',1,0,0
'0186_R_fle_car_1_1_5120010',1,0,0
'0186_R_fle_car_1_1_564480',1,0,0
'0186_R_fle_car_1_1_568890',1,0,0
'0186_R_fle_car_1_1_551250',1,0,0
'0186_R_fle_car_1_1_5084730',1,0,0
'0186_R_fle_car_1_1_5190570',1,0,0
'0186_R_fle_car_1_1_546840',1,0,0
'0186_R_fle_car_1_1_5040630',1,0,0
'0186_R_fle_car_1_1_5102370',1,0,0
'0186_R_fle_car_1_1_5181750',1,0,0
'0186_R_fle_car_1_1_5093550',1,0,0
'0186_R_fle_car_1_1_520380',1,0,0
'0186_R_fle_car_1_1_586530',1,0,0
'0186_R_fle_car_1_1_5221440',1,0,0
'0186_R_fle_car_1_1_5177340',1,0,0
'0186_R_fle_car_1_1_5194980',1,0,0
'0186_R_fle_car_1_1_5031810',1,0,0
'0186_R_fle_car_1_1_5049450',1,0,0
'0186_R_fle_car_1_1_5146470',1,0,0
'0186_R_fle_car_1_1_5212620',1,0,0
'0186_R_fle_car_1_1_5186160',1,0,0
'0186_R_fle_car_1_1_511560',1,0,0
'0186_R_fle_car_1_1_5111190',1,0,0
'0186_R_fle_car_1_1_573300',1,0,0
'0186_R_fle_car_1_1_555660',1,0,0
'0186_R_fle_car_1_1_5080320',1,0,0
'0186_R_fle_car_1_1_5089140',1,0,0
'0186_R_fle_car_1_1_5027400',1,0,0
'0186_R_fle_car_1_1_5208210',1,0,0
'0186_R_fle_car_1_1_61740',0,1,0
'0186_R_fle_car_1_1_604170',0,0,1
'0186_R_fle_car_1_1_612990',0,0,1
'0186_R_fle_car_1_1_617400',0,0,1
'0186_R_fle_car_1_1_687960',0,0,1
'0186_R_fle_car_1_1_621810',0.6666666666666666,0,0.3333333333333333
'0186_R_fle_car_1_1_683550',0,0,1
'0186_R_fle_car_1_1_696780',0,0,1
'0186_R_fle_car_1_1_626220',0.6666666666666666,0,0.3333333333333333
'0186_R_fle_car_1_1_608580',0,0,1
'0186_R_fle_car_1_1_692370',0,0,1
'0186_R_fle_car_1_1_643860',1,0,0
'0186_R_fle_car_1_1_674730',1,0,0
'0186_R_fle_car_1_1_630630',1,0,0
'0186_R_fle_car_1_1_661500',1,0,0
'0186_R_fle_car_1_1_66150',1,0,0
'0186_R_fle_car_1_1_657090',1,0,0
'0186_R_fle_car_1_1_639450',1,0,0
'0186_R_fle_car_1_1_635040',1,0,0
'0186_R_fle_car_1_1_648270',1,0,0
'0186_R_fle_car_1_1_652680',1,0,0
'0186_R_fle_car_1_1_679140',1,0,0
'0186_R_fle_car_1_1_670320',1,0,0
'0186_R_fle_car_1_1_665910',1,0,0
'0186_R_fle_car_1_1_758520',0,0,1
'0186_R_fle_car_1_1_727650',0,0,1
'0186_R_fle_car_1_1_762930',0,0,1
'0186_R_fle_car_1_1_780570',0.6666666666666666,0,0.3333333333333333
'0186_R_fle_car_1_1_767340',0,0,1
'0186_R_fle_car_1_1_732060',0,0,1
'0186_R_fle_car_1_1_771750',0,0,1
'0186_R_fle_car_1_1_745290',0,0,1
'0186_R_fle_car_1_1_701190',0.6666666666666666,0,0.3333333333333333
'0186_R_fle_car_1_1_718830',0,0,1
'0186_R_fle_car_1_1_754110',0,0,1
'0186_R_fle_car_1_1_723240',0,0,1
'0186_R_fle_car_1_1_740880',0.6666666666666666,0,0.3333333333333333
'0186_R_fle_car_1_1_736470',0,0,1
'0186_R_fle_car_1_1_749700',0,0,1
'0186_R_fle_car_1_1_776160',0,0,1
'0186_R_fle_car_1_1_784980',1,0,0
'0186_R_fle_car_1_1_710010',1,0,0
'0186_R_fle_car_1_1_705600',1,0,0
'0186_R_fle_car_1_1_793800',1,0,0
'0186_R_fle_car_1_1_70560',1,0,0
'0186_R_fle_car_1_1_79380',1,0,0
'0186_R_fle_car_1_1_798210',1,0,0
'0186_R_fle_car_1_1_74970',1,0,0
'0186_R_fle_car_1_1_714420',1,0,0
'0186_R_fle_car_1_1_789390',1,0,0
'0186_R_fle_car_1_1_8820',0,1,0
'0186_R_fle_car_1_1_824670',1,0,0
'0186_R_fle_car_1_1_829080',1,0,0
'0186_R_fle_car_1_1_864360',1,0,0
'0186_R_fle_car_1_1_815850',1,0,0
'0186_R_fle_car_1_1_88200',1,0,0
'0186_R_fle_car_1_1_899640',1,0,0
'0186_R_fle_car_1_1_859950',1,0,0
'0186_R_fle_car_1_1_820260',1,0,0
'0186_R_fle_car_1_1_851130',1,0,0
'0186_R_fle_car_1_1_895230',1,0,0
'0186_R_fle_car_1_1_833490',1,0,0
'0186_R_fle_car_1_1_868770',1,0,0
'0186_R_fle_car_1_1_890820',1,0,0
'0186_R_fle_car_1_1_802620',1,0,0
'0186_R_fle_car_1_1_886410',1,0,0
'0186_R_fle_car_1_1_807030',1,0,0
'0186_R_fle_car_1_1_882000',1,0,0
'0186_R_fle_car_1_1_837900',1,0,0
'0186_R_fle_car_1_1_877590',1,0,0
'0186_R_fle_car_1_1_855540',1,0,0
'0186_R_fle_car_1_1_846720',1,0,0
'0186_R_fle_car_1_1_873180',1,0,0
'0186_R_fle_car_1_1_842310',1,0,0
'0186_R_fle_car_1_1_83790',1,0,0
'0186_R_fle_car_1_1_811440',1,0,0
'0186_R_fle_car_1_1_92610',1,0,0
'0186_R_fle_car_1_1_904050',1,0,0
'0186_R_fle_car_1_1_908460',1,0,0
'0186_R_fle_car_1_1_97020',1,0,0
