'0211_R_fle_car_2_1_1583190',0,1,0
'0211_R_fle_car_2_1_1137780',0,1,0
'0211_R_fle_car_2_1_1627290',0,1,0
'0211_R_fle_car_2_1_1737540',0,1,0
'0211_R_fle_car_2_1_1164240',0,1,0
'0211_R_fle_car_2_1_1353870',0,1,0
'0211_R_fle_car_2_1_1561140',0,1,0
'0211_R_fle_car_2_1_1270080',0,1,0
'0211_R_fle_car_2_1_1539090',0,1,0
'0211_R_fle_car_2_1_1666980',0,1,0
'0211_R_fle_car_2_1_1547910',0,1,0
'0211_R_fle_car_2_1_1768410',0,1,0
'0211_R_fle_car_2_1_1151010',0,1,0
'0211_R_fle_car_2_1_1697850',0,1,0
'0211_R_fle_car_2_1_1309770',0,1,0
'0211_R_fle_car_2_1_1658160',0,1,0
'0211_R_fle_car_2_1_1243620',0,1,0
'0211_R_fle_car_2_1_1331820',0,1,0
'0211_R_fle_car_2_1_1380330',0,1,0
'0211_R_fle_car_2_1_1958040',0.6666666666666666,0.3333333333333333,0
'0211_R_fle_car_2_1_1592010',0,1,0
'0211_R_fle_car_2_1_1486170',0,1,0
'0211_R_fle_car_2_1_1711080',0,1,0
'0211_R_fle_car_2_1_1755180',0,1,0
'0211_R_fle_car_2_1_1556730',0,1,0
'0211_R_fle_car_2_1_1393560',0,1,0
'0211_R_fle_car_2_1_1472940',0,1,0
'0211_R_fle_car_2_1_1252440',0,1,0
'0211_R_fle_car_2_1_1631700',0,1,0
'0211_R_fle_car_2_1_1076040',0.6666666666666666,0.3333333333333333,0
'0211_R_fle_car_2_1_1305360',0,1,0
'0211_R_fle_car_2_1_1155420',0,1,0
'0211_R_fle_car_2_1_1543500',0,1,0
'0211_R_fle_car_2_1_1428840',0,1,0
'0211_R_fle_car_2_1_1662570',0,1,0
'0211_R_fle_car_2_1_1636110',0,1,0
'0211_R_fle_car_2_1_1490580',0,1,0
'0211_R_fle_car_2_1_1565550',0,1,0
'0211_R_fle_car_2_1_1367100',0,1,0
'0211_R_fle_car_2_1_1287720',0,1,0
'0211_R_fle_car_2_1_1689030',0,1,0
'0211_R_fle_car_2_1_1318590',0,1,0
'0211_R_fle_car_2_1_1437660',0,1,0
'0211_R_fle_car_2_1_1922760',0.6666666666666666,0.3333333333333333,0
'0211_R_fle_car_2_1_1300950',0,1,0
'0211_R_fle_car_2_1_1935990',0.6666666666666666,0.3333333333333333,0
'0211_R_fle_car_2_1_1415610',0,1,0
'0211_R_fle_car_2_1_1424430',0,1,0
'0211_R_fle_car_2_1_1719900',0,1,0
'0211_R_fle_car_2_1_1614060',0,1,0
'0211_R_fle_car_2_1_1706670',0,1,0
'0211_R_fle_car_2_1_1018710',0.6666666666666666,0.3333333333333333,0
'0211_R_fle_car_2_1_1159830',0,1,0
'0211_R_fle_car_2_1_1569960',0,1,0
'0211_R_fle_car_2_1_1644930',0,1,0
'0211_R_fle_car_2_1_1966860',0.6666666666666666,0.3333333333333333,0
'0211_R_fle_car_2_1_1552320',0,1,0
'0211_R_fle_car_2_1_1327410',0,1,0
'0211_R_fle_car_2_1_1340640',0,1,0
'0211_R_fle_car_2_1_1420020',0,1,0
'0211_R_fle_car_2_1_1764000',0,1,0
'0211_R_fle_car_2_1_1411200',0,1,0
'0211_R_fle_car_2_1_1349460',0,1,0
'0211_R_fle_car_2_1_1680210',0,1,0
'0211_R_fle_car_2_1_1142190',0,1,0
'0211_R_fle_car_2_1_1684620',0,1,0
'0211_R_fle_car_2_1_1962450',0.6666666666666666,0.3333333333333333,0
'0211_R_fle_car_2_1_1314180',0,1,0
'0211_R_fle_car_2_1_1067220',0.6666666666666666,0.3333333333333333,0
'0211_R_fle_car_2_1_1133370',0,1,0
'0211_R_fle_car_2_1_1375920',0,1,0
'0211_R_fle_car_2_1_1023120',0.6666666666666666,0.3333333333333333,0
'0211_R_fle_car_2_1_1336230',0,1,0
'0211_R_fle_car_2_1_1274490',0,1,0
'0211_R_fle_car_2_1_1649340',0,1,0
'0211_R_fle_car_2_1_1600830',0,1,0
'0211_R_fle_car_2_1_1609650',0,1,0
'0211_R_fle_car_2_1_1715490',0,1,0
'0211_R_fle_car_2_1_1442070',0,1,0
'0211_R_fle_car_2_1_1177470',0,1,0
'0211_R_fle_car_2_1_1750770',0,1,0
'0211_R_fle_car_2_1_1181880',0,1,0
'0211_R_fle_car_2_1_1433250',0,1,0
'0211_R_fle_car_2_1_1389150',0,1,0
'0211_R_fle_car_2_1_1261260',0,1,0
'0211_R_fle_car_2_1_1693440',0,1,0
'0211_R_fle_car_2_1_1605240',0,1,0
'0211_R_fle_car_2_1_1481760',0,1,0
'0211_R_fle_car_2_1_1953630',0.6666666666666666,0.3333333333333333,0
'0211_R_fle_car_2_1_1362690',0,1,0
'0211_R_fle_car_2_1_1622880',0,1,0
'0211_R_fle_car_2_1_1671390',0,1,0
'0211_R_fle_car_2_1_1984500',0.6666666666666666,0.3333333333333333,0
'0211_R_fle_car_2_1_1675800',0,1,0
'0211_R_fle_car_2_1_1587600',0,1,0
'0211_R_fle_car_2_1_1345050',0,1,0
'0211_R_fle_car_2_1_1931580',0.6666666666666666,0.3333333333333333,0
'0211_R_fle_car_2_1_1168650',0,1,0
'0211_R_fle_car_2_1_1296540',0,1,0
'0211_R_fle_car_2_1_1477350',0,1,0
'0211_R_fle_car_2_1_1702260',0,1,0
'0211_R_fle_car_2_1_1278900',0,1,0
'0211_R_fle_car_2_1_1323000',0,1,0
'0211_R_fle_car_2_1_1653750',0,1,0
'0211_R_fle_car_2_1_1062810',0.6666666666666666,0.3333333333333333,0
'0211_R_fle_car_2_1_1450890',0,1,0
'0211_R_fle_car_2_1_1640520',0,1,0
'0211_R_fle_car_2_1_1971270',0.6666666666666666,0.3333333333333333,0
'0211_R_fle_car_2_1_1759590',0,1,0
'0211_R_fle_car_2_1_1040760',0.6666666666666666,0.3333333333333333,0
'0211_R_fle_car_2_1_1358280',0,1,0
'0211_R_fle_car_2_1_1190700',0,1,0
'0211_R_fle_car_2_1_1406790',0,1,0
'0211_R_fle_car_2_1_1596420',0,1,0
'0211_R_fle_car_2_1_1031940',0.6666666666666666,0.3333333333333333,0
'0211_R_fle_car_2_1_1384740',0,1,0
'0211_R_fle_car_2_1_1459710',0,1,0
'0211_R_fle_car_2_1_1578780',0,1,0
'0211_R_fle_car_2_1_1940400',0.6666666666666666,0.3333333333333333,0
'0211_R_fle_car_2_1_1397970',0,1,0
'0211_R_fle_car_2_1_1464120',0,1,0
'0211_R_fle_car_2_1_1446480',0,1,0
'0211_R_fle_car_2_1_1733130',0,1,0
'0211_R_fle_car_2_1_1283310',0,1,0
'0211_R_fle_car_2_1_1080450',0.6666666666666666,0.3333333333333333,0
'0211_R_fle_car_2_1_1248030',0,1,0
'0211_R_fle_car_2_1_1128960',0,1,0
'0211_R_fle_car_2_1_1468530',0,1,0
'0211_R_fle_car_2_1_1534680',0,0.3333333333333333,0.6666666666666666
'0211_R_fle_car_2_1_1049580',0.6666666666666666,0.3333333333333333,0
'0211_R_fle_car_2_1_1927170',0.6666666666666666,0.3333333333333333,0
'0211_R_fle_car_2_1_1746360',0,1,0
'0211_R_fle_car_2_1_1045170',0.6666666666666666,0.3333333333333333,0
'0211_R_fle_car_2_1_1741950',0,1,0
'0211_R_fle_car_2_1_1997730',0.6666666666666666,0.3333333333333333,0
'0211_R_fle_car_2_1_1027530',0.6666666666666666,0.3333333333333333,0
'0211_R_fle_car_2_1_1173060',0,1,0
'0211_R_fle_car_2_1_1199520',0,1,0
'0211_R_fle_car_2_1_1728720',0,1,0
'0211_R_fle_car_2_1_1001070',0.6666666666666666,0.3333333333333333,0
'0211_R_fle_car_2_1_1724310',0,1,0
'0211_R_fle_car_2_1_1186290',0,1,0
'0211_R_fle_car_2_1_1980090',0.6666666666666666,0.3333333333333333,0
'0211_R_fle_car_2_1_1402380',0,1,0
'0211_R_fle_car_2_1_1265670',0,1,0
'0211_R_fle_car_2_1_1494990',0,1,0
'0211_R_fle_car_2_1_1146600',0,1,0
'0211_R_fle_car_2_1_1993320',0.6666666666666666,0.3333333333333333,0
'0211_R_fle_car_2_1_1574370',0,1,0
'0211_R_fle_car_2_1_1256850',0,1,0
'0211_R_fle_car_2_1_1618470',0,1,0
'0211_R_fle_car_2_1_1009890',0.6666666666666666,0.3333333333333333,0
'0211_R_fle_car_2_1_1371510',0,1,0
'0211_R_fle_car_2_1_1036350',0.6666666666666666,0.3333333333333333,0
'0211_R_fle_car_2_1_1014300',0.6666666666666666,0.3333333333333333,0
'0211_R_fle_car_2_1_1058400',0.6666666666666666,0.3333333333333333,0
'0211_R_fle_car_2_1_1195110',0,1,0
'0211_R_fle_car_2_1_1292130',0,1,0
'0211_R_fle_car_2_1_1124550',0,0.3333333333333333,0.6666666666666666
'0211_R_fle_car_2_1_1530270',0,0.3333333333333333,0.6666666666666666
'0211_R_fle_car_2_1_1944810',0.6666666666666666,0.3333333333333333,0
'0211_R_fle_car_2_1_1975680',0.6666666666666666,0.3333333333333333,0
'0211_R_fle_car_2_1_1455300',0,1,0
'0211_R_fle_car_2_1_1988910',0.6666666666666666,0.3333333333333333,0
'0211_R_fle_car_2_1_1053990',0.6666666666666666,0.3333333333333333,0
'0211_R_fle_car_2_1_1071630',0.6666666666666666,0.3333333333333333,0
'0211_R_fle_car_2_1_1005480',0.6666666666666666,0.3333333333333333,0
'0211_R_fle_car_2_1_1120140',0,0.3333333333333333,0.6666666666666666
'0211_R_fle_car_2_1_1949220',0.6666666666666666,0.3333333333333333,0
'0211_R_fle_car_2_1_1089270',0,0,1
'0211_R_fle_car_2_1_1512630',0,0,1
'0211_R_fle_car_2_1_1106910',0,0,1
'0211_R_fle_car_2_1_1102500',0,0,1
'0211_R_fle_car_2_1_1111320',0,0,1
'0211_R_fle_car_2_1_1517040',0,0,1
'0211_R_fle_car_2_1_1508220',0,0,1
'0211_R_fle_car_2_1_1525860',0,0,1
'0211_R_fle_car_2_1_1521450',0,0,1
'0211_R_fle_car_2_1_1115730',0,0,1
'0211_R_fle_car_2_1_1503810',0,0,1
'0211_R_fle_car_2_1_1098090',0,0,1
'0211_R_fle_car_2_1_1093680',0,0,1
'0211_R_fle_car_2_1_1499400',0.3333333333333333,0.3333333333333333,0.3333333333333333
'0211_R_fle_car_2_1_1084860',0.3333333333333333,0.3333333333333333,0.3333333333333333
'0211_R_fle_car_2_1_194040',1,0,0
'0211_R_fle_car_2_1_180810',1,0,0
'0211_R_fle_car_2_1_176400',1,0,0
'0211_R_fle_car_2_1_185220',1,0,0
'0211_R_fle_car_2_1_189630',1,0,0
'0211_R_fle_car_2_1_198450',1,0,0
'0211_R_fle_car_2_1_2575440',0.6666666666666666,0.3333333333333333,0
'0211_R_fle_car_2_1_282240',0.6666666666666666,0.3333333333333333,0
'0211_R_fle_car_2_1_2019780',0.6666666666666666,0.3333333333333333,0
'0211_R_fle_car_2_1_2703330',0.6666666666666666,0.3333333333333333,0
'0211_R_fle_car_2_1_2535750',0.6666666666666666,0.3333333333333333,0
'0211_R_fle_car_2_1_2804760',0.6666666666666666,0.3333333333333333,0
'0211_R_fle_car_2_1_2663640',0.6666666666666666,0.3333333333333333,0
'0211_R_fle_car_2_1_2540160',0.6666666666666666,0.3333333333333333,0
'0211_R_fle_car_2_1_2729790',0.6666666666666666,0.3333333333333333,0
'0211_R_fle_car_2_1_233730',0.6666666666666666,0.3333333333333333,0
'0211_R_fle_car_2_1_242550',0.6666666666666666,0.3333333333333333,0
'0211_R_fle_car_2_1_2037420',0.6666666666666666,0.3333333333333333,0
'0211_R_fle_car_2_1_2094750',0.6666666666666666,0.3333333333333333,0
'0211_R_fle_car_2_1_2879730',0.6666666666666666,0.3333333333333333,0
'0211_R_fle_car_2_1_2743020',0.6666666666666666,0.3333333333333333,0
'0211_R_fle_car_2_1_2566620',0.6666666666666666,0.3333333333333333,0
'0211_R_fle_car_2_1_2712150',0.6666666666666666,0.3333333333333333,0
'0211_R_fle_car_2_1_2822400',0.6666666666666666,0.3333333333333333,0
'0211_R_fle_car_2_1_2760660',0.6666666666666666,0.3333333333333333,0
'0211_R_fle_car_2_1_2006550',0.6666666666666666,0.3333333333333333,0
'0211_R_fle_car_2_1_2892960',0.6666666666666666,0.3333333333333333,0
'0211_R_fle_car_2_1_2734200',0.6666666666666666,0.3333333333333333,0
'0211_R_fle_car_2_1_2557800',0.6666666666666666,0.3333333333333333,0
'0211_R_fle_car_2_1_2055060',0.6666666666666666,0.3333333333333333,0
'0211_R_fle_car_2_1_251370',0.6666666666666666,0.3333333333333333,0
'0211_R_fle_car_2_1_2641590',0.6666666666666666,0.3333333333333333,0
'0211_R_fle_car_2_1_255780',0.6666666666666666,0.3333333333333333,0
'0211_R_fle_car_2_1_2059470',0.6666666666666666,0.3333333333333333,0
'0211_R_fle_car_2_1_2548980',0.6666666666666666,0.3333333333333333,0
'0211_R_fle_car_2_1_2866500',0.6666666666666666,0.3333333333333333,0
'0211_R_fle_car_2_1_2632770',0.6666666666666666,0.3333333333333333,0
'0211_R_fle_car_2_1_2778300',0.6666666666666666,0.3333333333333333,0
'0211_R_fle_car_2_1_2668050',0.6666666666666666,0.3333333333333333,0
'0211_R_fle_car_2_1_2791530',0.6666666666666666,0.3333333333333333,0
'0211_R_fle_car_2_1_2835630',0.6666666666666666,0.3333333333333333,0
'0211_R_fle_car_2_1_2579850',0.6666666666666666,0.3333333333333333,0
'0211_R_fle_car_2_1_2112390',0.6666666666666666,0.3333333333333333,0
'0211_R_fle_car_2_1_2756250',0.6666666666666666,0.3333333333333333,0
'0211_R_fle_car_2_1_2725380',0.6666666666666666,0.3333333333333333,0
'0211_R_fle_car_2_1_2597490',0.6666666666666666,0.3333333333333333,0
'0211_R_fle_car_2_1_2862090',0.6666666666666666,0.3333333333333333,0
'0211_R_fle_car_2_1_2107980',0.6666666666666666,0.3333333333333333,0
'0211_R_fle_car_2_1_2072700',0.6666666666666666,0.3333333333333333,0
'0211_R_fle_car_2_1_2063880',0.6666666666666666,0.3333333333333333,0
'0211_R_fle_car_2_1_2817990',0.6666666666666666,0.3333333333333333,0
'0211_R_fle_car_2_1_2593080',0.6666666666666666,0.3333333333333333,0
'0211_R_fle_car_2_1_2615130',0.6666666666666666,0.3333333333333333,0
'0211_R_fle_car_2_1_2562210',0.6666666666666666,0.3333333333333333,0
'0211_R_fle_car_2_1_2844450',0.6666666666666666,0.3333333333333333,0
'0211_R_fle_car_2_1_2848860',0.6666666666666666,0.3333333333333333,0
'0211_R_fle_car_2_1_2646000',0.6666666666666666,0.3333333333333333,0
'0211_R_fle_car_2_1_2720970',0.6666666666666666,0.3333333333333333,0
'0211_R_fle_car_2_1_2002140',0.6666666666666666,0.3333333333333333,0
'0211_R_fle_car_2_1_2103570',0.6666666666666666,0.3333333333333333,0
'0211_R_fle_car_2_1_2637180',0.6666666666666666,0.3333333333333333,0
'0211_R_fle_car_2_1_2681280',0.6666666666666666,0.3333333333333333,0
'0211_R_fle_car_2_1_2707740',0.6666666666666666,0.3333333333333333,0
'0211_R_fle_car_2_1_2826810',0.6666666666666666,0.3333333333333333,0
'0211_R_fle_car_2_1_2623950',0.6666666666666666,0.3333333333333333,0
'0211_R_fle_car_2_1_2685690',0.6666666666666666,0.3333333333333333,0
'0211_R_fle_car_2_1_2782710',0.6666666666666666,0.3333333333333333,0
'0211_R_fle_car_2_1_2085930',0.6666666666666666,0.3333333333333333,0
'0211_R_fle_car_2_1_273420',0.6666666666666666,0.3333333333333333,0
'0211_R_fle_car_2_1_2010960',0.6666666666666666,0.3333333333333333,0
'0211_R_fle_car_2_1_2813580',0.6666666666666666,0.3333333333333333,0
'0211_R_fle_car_2_1_2024190',0.6666666666666666,0.3333333333333333,0
'0211_R_fle_car_2_1_2571030',0.6666666666666666,0.3333333333333333,0
'0211_R_fle_car_2_1_2769480',0.6666666666666666,0.3333333333333333,0
'0211_R_fle_car_2_1_2041830',0.6666666666666666,0.3333333333333333,0
'0211_R_fle_car_2_1_2526930',0.6666666666666666,0.3333333333333333,0
'0211_R_fle_car_2_1_2795940',0.6666666666666666,0.3333333333333333,0
'0211_R_fle_car_2_1_2099160',0.6666666666666666,0.3333333333333333,0
'0211_R_fle_car_2_1_286650',0.6666666666666666,0.3333333333333333,0
'0211_R_fle_car_2_1_2610720',0.6666666666666666,0.3333333333333333,0
'0211_R_fle_car_2_1_238140',0.6666666666666666,0.3333333333333333,0
'0211_R_fle_car_2_1_2747430',0.6666666666666666,0.3333333333333333,0
'0211_R_fle_car_2_1_2522520',0.6666666666666666,0.3333333333333333,0
'0211_R_fle_car_2_1_2773890',0.6666666666666666,0.3333333333333333,0
'0211_R_fle_car_2_1_277830',0.6666666666666666,0.3333333333333333,0
'0211_R_fle_car_2_1_2068290',0.6666666666666666,0.3333333333333333,0
'0211_R_fle_car_2_1_2544570',0.6666666666666666,0.3333333333333333,0
'0211_R_fle_car_2_1_2531340',0.6666666666666666,0.3333333333333333,0
'0211_R_fle_car_2_1_2606310',0.6666666666666666,0.3333333333333333,0
'0211_R_fle_car_2_1_2884140',0.6666666666666666,0.3333333333333333,0
'0211_R_fle_car_2_1_2690100',0.6666666666666666,0.3333333333333333,0
'0211_R_fle_car_2_1_2518110',0.6666666666666666,0.3333333333333333,0
'0211_R_fle_car_2_1_2659230',0.6666666666666666,0.3333333333333333,0
'0211_R_fle_car_2_1_2672460',0.6666666666666666,0.3333333333333333,0
'0211_R_fle_car_2_1_2676870',0.6666666666666666,0.3333333333333333,0
'0211_R_fle_car_2_1_2654820',0.6666666666666666,0.3333333333333333,0
'0211_R_fle_car_2_1_2716560',0.6666666666666666,0.3333333333333333,0
'0211_R_fle_car_2_1_2765070',0.6666666666666666,0.3333333333333333,0
'0211_R_fle_car_2_1_2628360',0.6666666666666666,0.3333333333333333,0
'0211_R_fle_car_2_1_246960',0.6666666666666666,0.3333333333333333,0
'0211_R_fle_car_2_1_2077110',0.6666666666666666,0.3333333333333333,0
'0211_R_fle_car_2_1_2090340',0.6666666666666666,0.3333333333333333,0
'0211_R_fle_car_2_1_2840040',0.6666666666666666,0.3333333333333333,0
'0211_R_fle_car_2_1_2751840',0.6666666666666666,0.3333333333333333,0
'0211_R_fle_car_2_1_2787120',0.6666666666666666,0.3333333333333333,0
'0211_R_fle_car_2_1_2738610',0.6666666666666666,0.3333333333333333,0
'0211_R_fle_car_2_1_2809170',0.6666666666666666,0.3333333333333333,0
'0211_R_fle_car_2_1_2698920',0.6666666666666666,0.3333333333333333,0
'0211_R_fle_car_2_1_299880',0.6666666666666666,0.3333333333333333,0
'0211_R_fle_car_2_1_2015370',0.6666666666666666,0.3333333333333333,0
'0211_R_fle_car_2_1_2116800',0.6666666666666666,0.3333333333333333,0
'0211_R_fle_car_2_1_2619540',0.6666666666666666,0.3333333333333333,0
'0211_R_fle_car_2_1_2831220',0.6666666666666666,0.3333333333333333,0
'0211_R_fle_car_2_1_2081520',0.6666666666666666,0.3333333333333333,0
'0211_R_fle_car_2_1_2870910',0.6666666666666666,0.3333333333333333,0
'0211_R_fle_car_2_1_2050650',0.6666666666666666,0.3333333333333333,0
'0211_R_fle_car_2_1_2694510',0.6666666666666666,0.3333333333333333,0
'0211_R_fle_car_2_1_2857680',0.6666666666666666,0.3333333333333333,0
'0211_R_fle_car_2_1_2033010',0.6666666666666666,0.3333333333333333,0
'0211_R_fle_car_2_1_2800350',0.6666666666666666,0.3333333333333333,0
'0211_R_fle_car_2_1_2046240',0.6666666666666666,0.3333333333333333,0
'0211_R_fle_car_2_1_2588670',0.6666666666666666,0.3333333333333333,0
'0211_R_fle_car_2_1_2897370',0.6666666666666666,0.3333333333333333,0
'0211_R_fle_car_2_1_2650410',0.6666666666666666,0.3333333333333333,0
'0211_R_fle_car_2_1_2601900',0.6666666666666666,0.3333333333333333,0
'0211_R_fle_car_2_1_260190',0.6666666666666666,0.3333333333333333,0
'0211_R_fle_car_2_1_269010',0.6666666666666666,0.3333333333333333,0
'0211_R_fle_car_2_1_264600',0.6666666666666666,0.3333333333333333,0
'0211_R_fle_car_2_1_295470',0.6666666666666666,0.3333333333333333,0
'0211_R_fle_car_2_1_2875320',0.6666666666666666,0.3333333333333333,0
'0211_R_fle_car_2_1_2888550',0.6666666666666666,0.3333333333333333,0
'0211_R_fle_car_2_1_2553390',0.6666666666666666,0.3333333333333333,0
'0211_R_fle_car_2_1_2853270',0.6666666666666666,0.3333333333333333,0
'0211_R_fle_car_2_1_291060',0.6666666666666666,0.3333333333333333,0
'0211_R_fle_car_2_1_2028600',0.6666666666666666,0.3333333333333333,0
'0211_R_fle_car_2_1_2584260',0.6666666666666666,0.3333333333333333,0
'0211_R_fle_car_2_1_2919420',1,0,0
'0211_R_fle_car_2_1_229320',1,0,0
'0211_R_fle_car_2_1_224910',1,0,0
'0211_R_fle_car_2_1_2963520',1,0,0
'0211_R_fle_car_2_1_2945880',1,0,0
'0211_R_fle_car_2_1_202860',1,0,0
'0211_R_fle_car_2_1_207270',1,0,0
'0211_R_fle_car_2_1_216090',1,0,0
'0211_R_fle_car_2_1_2950290',1,0,0
'0211_R_fle_car_2_1_2989980',1,0,0
'0211_R_fle_car_2_1_2998800',1,0,0
'0211_R_fle_car_2_1_2976750',1,0,0
'0211_R_fle_car_2_1_211680',1,0,0
'0211_R_fle_car_2_1_2985570',1,0,0
'0211_R_fle_car_2_1_2972340',1,0,0
'0211_R_fle_car_2_1_2906190',1,0,0
'0211_R_fle_car_2_1_2981160',1,0,0
'0211_R_fle_car_2_1_2937060',1,0,0
'0211_R_fle_car_2_1_2923830',1,0,0
'0211_R_fle_car_2_1_2994390',1,0,0
'0211_R_fle_car_2_1_220500',1,0,0
'0211_R_fle_car_2_1_2941470',1,0,0
'0211_R_fle_car_2_1_2954700',1,0,0
'0211_R_fle_car_2_1_2901780',1,0,0
'0211_R_fle_car_2_1_2967930',1,0,0
'0211_R_fle_car_2_1_2928240',1,0,0
'0211_R_fle_car_2_1_2959110',1,0,0
'0211_R_fle_car_2_1_2932650',1,0,0
'0211_R_fle_car_2_1_2915010',1,0,0
'0211_R_fle_car_2_1_2910600',1,0,0
'0211_R_fle_car_2_1_3995460',0,1,0
'0211_R_fle_car_2_1_3104640',0.6666666666666666,0.3333333333333333,0
'0211_R_fle_car_2_1_3752910',0,1,0
'0211_R_fle_car_2_1_3682350',0,1,0
'0211_R_fle_car_2_1_3214890',0.6666666666666666,0.3333333333333333,0
'0211_R_fle_car_2_1_3122280',0.6666666666666666,0.3333333333333333,0
'0211_R_fle_car_2_1_3303090',0,1,0
'0211_R_fle_car_2_1_3453030',0,1,0
'0211_R_fle_car_2_1_3858750',0,1,0
'0211_R_fle_car_2_1_3779370',0,1,0
'0211_R_fle_car_2_1_3986640',0,1,0
'0211_R_fle_car_2_1_3020850',0.6666666666666666,0.3333333333333333,0
'0211_R_fle_car_2_1_3686760',0,1,0
'0211_R_fle_car_2_1_3210480',0.6666666666666666,0.3333333333333333,0
'0211_R_fle_car_2_1_3444210',0,1,0
'0211_R_fle_car_2_1_3395700',0,1,0
'0211_R_fle_car_2_1_3673530',0,1,0
'0211_R_fle_car_2_1_3488310',0,1,0
'0211_R_fle_car_2_1_3528000',0,1,0
'0211_R_fle_car_2_1_3642660',0,0.3333333333333333,0.6666666666666666
'0211_R_fle_car_2_1_3713220',0,1,0
'0211_R_fle_car_2_1_3378060',0,1,0
'0211_R_fle_car_2_1_3691170',0,1,0
'0211_R_fle_car_2_1_3973410',0,1,0
'0211_R_fle_car_2_1_3669120',0,1,0
'0211_R_fle_car_2_1_3797010',0,1,0
'0211_R_fle_car_2_1_3109050',0.6666666666666666,0.3333333333333333,0
'0211_R_fle_car_2_1_3514770',0,1,0
'0211_R_fle_car_2_1_3699990',0,1,0
'0211_R_fle_car_2_1_352800',0.6666666666666666,0.3333333333333333,0
'0211_R_fle_car_2_1_3708810',0,1,0
'0211_R_fle_car_2_1_3091410',0.6666666666666666,0.3333333333333333,0
'0211_R_fle_car_2_1_3902850',0,1,0
'0211_R_fle_car_2_1_3920490',0,1,0
'0211_R_fle_car_2_1_3845520',0,1,0
'0211_R_fle_car_2_1_3422160',0,1,0
'0211_R_fle_car_2_1_3924900',0,1,0
'0211_R_fle_car_2_1_3867570',0,1,0
'0211_R_fle_car_2_1_3426570',0,1,0
'0211_R_fle_car_2_1_3638250',0,0.3333333333333333,0.6666666666666666
'0211_R_fle_car_2_1_3933720',0,1,0
'0211_R_fle_car_2_1_3783780',0,1,0
'0211_R_fle_car_2_1_3356010',0,1,0
'0211_R_fle_car_2_1_3311910',0,1,0
'0211_R_fle_car_2_1_3664710',0,1,0
'0211_R_fle_car_2_1_3082590',0.6666666666666666,0.3333333333333333,0
'0211_R_fle_car_2_1_3338370',0,1,0
'0211_R_fle_car_2_1_3382470',0,1,0
'0211_R_fle_car_2_1_3647070',0,0.3333333333333333,0.6666666666666666
'0211_R_fle_car_2_1_3457440',0,1,0
'0211_R_fle_car_2_1_3942540',0,1,0
'0211_R_fle_car_2_1_3325140',0,1,0
'0211_R_fle_car_2_1_3413340',0,1,0
'0211_R_fle_car_2_1_3100230',0.6666666666666666,0.3333333333333333,0
'0211_R_fle_car_2_1_3523590',0,1,0
'0211_R_fle_car_2_1_3748500',0,1,0
'0211_R_fle_car_2_1_3832290',0,1,0
'0211_R_fle_car_2_1_3536820',0,1,0
'0211_R_fle_car_2_1_3373650',0,1,0
'0211_R_fle_car_2_1_3854340',0,1,0
'0211_R_fle_car_2_1_3810240',0,1,0
'0211_R_fle_car_2_1_3060540',0.6666666666666666,0.3333333333333333,0
'0211_R_fle_car_2_1_3889620',0,1,0
'0211_R_fle_car_2_1_3408930',0,1,0
'0211_R_fle_car_2_1_3739680',0,1,0
'0211_R_fle_car_2_1_3228120',0.6666666666666666,0.3333333333333333,0
'0211_R_fle_car_2_1_3029670',0.6666666666666666,0.3333333333333333,0
'0211_R_fle_car_2_1_3386880',0,1,0
'0211_R_fle_car_2_1_3770550',0,1,0
'0211_R_fle_car_2_1_3841110',0,1,0
'0211_R_fle_car_2_1_3814650',0,1,0
'0211_R_fle_car_2_1_3717630',0,1,0
'0211_R_fle_car_2_1_3479490',0,1,0
'0211_R_fle_car_2_1_3391290',0,1,0
'0211_R_fle_car_2_1_3439800',0,1,0
'0211_R_fle_car_2_1_339570',0.6666666666666666,0.3333333333333333,0
'0211_R_fle_car_2_1_3404520',0,1,0
'0211_R_fle_car_2_1_3744090',0,1,0
'0211_R_fle_car_2_1_3126690',0.6666666666666666,0.3333333333333333,0
'0211_R_fle_car_2_1_3805830',0,1,0
'0211_R_fle_car_2_1_3907260',0,1,0
'0211_R_fle_car_2_1_3726450',0,1,0
'0211_R_fle_car_2_1_3139920',0.6666666666666666,0.3333333333333333,0
'0211_R_fle_car_2_1_3735270',0,1,0
'0211_R_fle_car_2_1_3885210',0,1,0
'0211_R_fle_car_2_1_374850',0.6666666666666666,0.3333333333333333,0
'0211_R_fle_car_2_1_3916080',0,1,0
'0211_R_fle_car_2_1_335160',0.6666666666666666,0.3333333333333333,0
'0211_R_fle_car_2_1_3245760',0.6666666666666666,0.3333333333333333,0
'0211_R_fle_car_2_1_3550050',0,1,0
'0211_R_fle_car_2_1_3991050',0,1,0
'0211_R_fle_car_2_1_388080',0.6666666666666666,0.3333333333333333,0
'0211_R_fle_car_2_1_3475080',0,1,0
'0211_R_fle_car_2_1_3788190',0,1,0
'0211_R_fle_car_2_1_3938130',0,1,0
'0211_R_fle_car_2_1_3563280',0,1,0
'0211_R_fle_car_2_1_3175200',0.6666666666666666,0.3333333333333333,0
'0211_R_fle_car_2_1_3695580',0,1,0
'0211_R_fle_car_2_1_3876390',0,1,0
'0211_R_fle_car_2_1_3969000',0,1,0
'0211_R_fle_car_2_1_3298680',0,1,0
'0211_R_fle_car_2_1_3792600',0,1,0
'0211_R_fle_car_2_1_3505950',0,1,0
'0211_R_fle_car_2_1_3929310',0,1,0
'0211_R_fle_car_2_1_3863160',0,1,0
'0211_R_fle_car_2_1_3704400',0,1,0
'0211_R_fle_car_2_1_3819060',0,1,0
'0211_R_fle_car_2_1_3545640',0,1,0
'0211_R_fle_car_2_1_3360420',0,1,0
'0211_R_fle_car_2_1_3580920',0,1,0
'0211_R_fle_car_2_1_3078180',0.6666666666666666,0.3333333333333333,0
'0211_R_fle_car_2_1_3047310',0.6666666666666666,0.3333333333333333,0
'0211_R_fle_car_2_1_3823470',0,1,0
'0211_R_fle_car_2_1_3364830',0,1,0
'0211_R_fle_car_2_1_3532410',0,1,0
'0211_R_fle_car_2_1_330750',0.6666666666666666,0.3333333333333333,0
'0211_R_fle_car_2_1_3042900',0.6666666666666666,0.3333333333333333,0
'0211_R_fle_car_2_1_3157560',0.6666666666666666,0.3333333333333333,0
'0211_R_fle_car_2_1_3894030',0,1,0
'0211_R_fle_car_2_1_3466260',0,1,0
'0211_R_fle_car_2_1_3038490',0.6666666666666666,0.3333333333333333,0
'0211_R_fle_car_2_1_3369240',0,1,0
'0211_R_fle_car_2_1_3761730',0,1,0
'0211_R_fle_car_2_1_308700',0.6666666666666666,0.3333333333333333,0
'0211_R_fle_car_2_1_3241350',0.6666666666666666,0.3333333333333333,0
'0211_R_fle_car_2_1_3558870',0,1,0
'0211_R_fle_car_2_1_3342780',0,1,0
'0211_R_fle_car_2_1_379260',0.6666666666666666,0.3333333333333333,0
'0211_R_fle_car_2_1_3849930',0,1,0
'0211_R_fle_car_2_1_366030',0.6666666666666666,0.3333333333333333,0
'0211_R_fle_car_2_1_3497130',0,1,0
'0211_R_fle_car_2_1_3960180',0,1,0
'0211_R_fle_car_2_1_3483900',0,1,0
'0211_R_fle_car_2_1_3034080',0.6666666666666666,0.3333333333333333,0
'0211_R_fle_car_2_1_3236940',0.6666666666666666,0.3333333333333333,0
'0211_R_fle_car_2_1_3541230',0,1,0
'0211_R_fle_car_2_1_3400110',0,1,0
'0211_R_fle_car_2_1_3501540',0,1,0
'0211_R_fle_car_2_1_3320730',0,1,0
'0211_R_fle_car_2_1_3572100',0,1,0
'0211_R_fle_car_2_1_3660300',0,0.3333333333333333,0.6666666666666666
'0211_R_fle_car_2_1_3554460',0,1,0
'0211_R_fle_car_2_1_3576510',0,1,0
'0211_R_fle_car_2_1_313110',0.6666666666666666,0.3333333333333333,0
'0211_R_fle_car_2_1_3774960',0,1,0
'0211_R_fle_car_2_1_3827880',0,1,0
'0211_R_fle_car_2_1_3073770',0.6666666666666666,0.3333333333333333,0
'0211_R_fle_car_2_1_3461850',0,1,0
'0211_R_fle_car_2_1_3131100',0.6666666666666666,0.3333333333333333,0
'0211_R_fle_car_2_1_3153150',0.6666666666666666,0.3333333333333333,0
'0211_R_fle_car_2_1_3730860',0,1,0
'0211_R_fle_car_2_1_3898440',0,1,0
'0211_R_fle_car_2_1_3254580',0.6666666666666666,0.3333333333333333,0
'0211_R_fle_car_2_1_3250170',0.6666666666666666,0.3333333333333333,0
'0211_R_fle_car_2_1_3144330',0.6666666666666666,0.3333333333333333,0
'0211_R_fle_car_2_1_3316320',0,1,0
'0211_R_fle_car_2_1_3677940',0,1,0
'0211_R_fle_car_2_1_3192840',0.6666666666666666,0.3333333333333333,0
'0211_R_fle_car_2_1_3470670',0,1,0
'0211_R_fle_car_2_1_3977820',0,1,0
'0211_R_fle_car_2_1_3056130',0.6666666666666666,0.3333333333333333,0
'0211_R_fle_car_2_1_3911670',0,1,0
'0211_R_fle_car_2_1_3801420',0,1,0
'0211_R_fle_car_2_1_3285450',0,0.3333333333333333,0.6666666666666666
'0211_R_fle_car_2_1_3880800',0,1,0
'0211_R_fle_car_2_1_3492720',0,1,0
'0211_R_fle_car_2_1_3117870',0.6666666666666666,0.3333333333333333,0
'0211_R_fle_car_2_1_3722040',0,1,0
'0211_R_fle_car_2_1_3351600',0,1,0
'0211_R_fle_car_2_1_3113460',0.6666666666666666,0.3333333333333333,0
'0211_R_fle_car_2_1_3347190',0,1,0
'0211_R_fle_car_2_1_343980',0.6666666666666666,0.3333333333333333,0
'0211_R_fle_car_2_1_317520',0.6666666666666666,0.3333333333333333,0
'0211_R_fle_car_2_1_3016440',0.6666666666666666,0.3333333333333333,0
'0211_R_fle_car_2_1_348390',0.6666666666666666,0.3333333333333333,0
'0211_R_fle_car_2_1_3448620',0,1,0
'0211_R_fle_car_2_1_3417750',0,1,0
'0211_R_fle_car_2_1_383670',0.6666666666666666,0.3333333333333333,0
'0211_R_fle_car_2_1_3766140',0,1,0
'0211_R_fle_car_2_1_3629430',0,0.3333333333333333,0.6666666666666666
'0211_R_fle_car_2_1_370440',0.6666666666666666,0.3333333333333333,0
'0211_R_fle_car_2_1_3064950',0.6666666666666666,0.3333333333333333,0
'0211_R_fle_car_2_1_3184020',0.6666666666666666,0.3333333333333333,0
'0211_R_fle_car_2_1_3955770',0,1,0
'0211_R_fle_car_2_1_3069360',0.6666666666666666,0.3333333333333333,0
'0211_R_fle_car_2_1_3946950',0,1,0
'0211_R_fle_car_2_1_3197250',0.6666666666666666,0.3333333333333333,0
'0211_R_fle_car_2_1_3333960',0,1,0
'0211_R_fle_car_2_1_3836700',0,1,0
'0211_R_fle_car_2_1_3435390',0,1,0
'0211_R_fle_car_2_1_3585330',0,1,0
'0211_R_fle_car_2_1_3999870',0,1,0
'0211_R_fle_car_2_1_3148740',0.6666666666666666,0.3333333333333333,0
'0211_R_fle_car_2_1_3307500',0,1,0
'0211_R_fle_car_2_1_3179610',0.6666666666666666,0.3333333333333333,0
'0211_R_fle_car_2_1_3982230',0,1,0
'0211_R_fle_car_2_1_3430980',0,1,0
'0211_R_fle_car_2_1_304290',0.6666666666666666,0.3333333333333333,0
'0211_R_fle_car_2_1_3651480',0,0.3333333333333333,0.6666666666666666
'0211_R_fle_car_2_1_3206070',0.6666666666666666,0.3333333333333333,0
'0211_R_fle_car_2_1_3095820',0.6666666666666666,0.3333333333333333,0
'0211_R_fle_car_2_1_3232530',0.6666666666666666,0.3333333333333333,0
'0211_R_fle_car_2_1_3951360',0,1,0
'0211_R_fle_car_2_1_3166380',0.6666666666666666,0.3333333333333333,0
'0211_R_fle_car_2_1_3519180',0,1,0
'0211_R_fle_car_2_1_3510360',0,1,0
'0211_R_fle_car_2_1_3135510',0.6666666666666666,0.3333333333333333,0
'0211_R_fle_car_2_1_3757320',0,1,0
'0211_R_fle_car_2_1_3087000',0.6666666666666666,0.3333333333333333,0
'0211_R_fle_car_2_1_3964590',0,1,0
'0211_R_fle_car_2_1_3871980',0,1,0
'0211_R_fle_car_2_1_3051720',0.6666666666666666,0.3333333333333333,0
'0211_R_fle_car_2_1_3329550',0,1,0
'0211_R_fle_car_2_1_3012030',0.6666666666666666,0.3333333333333333,0
'0211_R_fle_car_2_1_3025260',0.6666666666666666,0.3333333333333333,0
'0211_R_fle_car_2_1_3223710',0.6666666666666666,0.3333333333333333,0
'0211_R_fle_car_2_1_326340',0.6666666666666666,0.3333333333333333,0
'0211_R_fle_car_2_1_361620',0.6666666666666666,0.3333333333333333,0
'0211_R_fle_car_2_1_3161970',0.6666666666666666,0.3333333333333333,0
'0211_R_fle_car_2_1_3201660',0.6666666666666666,0.3333333333333333,0
'0211_R_fle_car_2_1_3219300',0.6666666666666666,0.3333333333333333,0
'0211_R_fle_car_2_1_357210',0.6666666666666666,0.3333333333333333,0
'0211_R_fle_car_2_1_3633840',0,0.3333333333333333,0.6666666666666666
'0211_R_fle_car_2_1_3567690',0,1,0
'0211_R_fle_car_2_1_3655890',0,0.3333333333333333,0.6666666666666666
'0211_R_fle_car_2_1_3170790',0.6666666666666666,0.3333333333333333,0
'0211_R_fle_car_2_1_321930',0.6666666666666666,0.3333333333333333,0
'0211_R_fle_car_2_1_3188430',0.6666666666666666,0.3333333333333333,0
'0211_R_fle_car_2_1_3589740',0,0,1
'0211_R_fle_car_2_1_3602970',0,0,1
'0211_R_fle_car_2_1_3272220',0,0,1
'0211_R_fle_car_2_1_3258990',0.3333333333333333,0.3333333333333333,0.3333333333333333
'0211_R_fle_car_2_1_3594150',0,0,1
'0211_R_fle_car_2_1_3625020',0,0,1
'0211_R_fle_car_2_1_3616200',0,0,1
'0211_R_fle_car_2_1_3611790',0,0,1
'0211_R_fle_car_2_1_3294270',0.3333333333333333,0.3333333333333333,0.3333333333333333
'0211_R_fle_car_2_1_3620610',0,0,1
'0211_R_fle_car_2_1_3607380',0,0,1
'0211_R_fle_car_2_1_3267810',0,0,1
'0211_R_fle_car_2_1_3276630',0,0,1
'0211_R_fle_car_2_1_3598560',0,0,1
'0211_R_fle_car_2_1_3263400',0,0,1
'0211_R_fle_car_2_1_3281040',0,0,1
'0211_R_fle_car_2_1_3289860',0.3333333333333333,0.3333333333333333,0.3333333333333333
'0211_R_fle_car_2_1_3007620',1,0,0
'0211_R_fle_car_2_1_396900',1,0,0
'0211_R_fle_car_2_1_3003210',1,0,0
'0211_R_fle_car_2_1_392490',1,0,0
'0211_R_fle_car_2_1_4039560',0,1,0
'0211_R_fle_car_2_1_4105710',0,1,0
'0211_R_fle_car_2_1_4696650',0,1,0
'0211_R_fle_car_2_1_4595220',0,1,0
'0211_R_fle_car_2_1_4652550',0,1,0
'0211_R_fle_car_2_1_4260060',0,1,0
'0211_R_fle_car_2_1_4348260',0,1,0
'0211_R_fle_car_2_1_4255650',0,1,0
'0211_R_fle_car_2_1_4864230',0,0.3333333333333333,0.6666666666666666
'0211_R_fle_car_2_1_4727520',0,1,0
'0211_R_fle_car_2_1_4714290',0,1,0
'0211_R_fle_car_2_1_4542300',0,1,0
'0211_R_fle_car_2_1_4480560',0,1,0
'0211_R_fle_car_2_1_4149810',0,1,0
'0211_R_fle_car_2_1_4154220',0,1,0
'0211_R_fle_car_2_1_4343850',0,1,0
'0211_R_fle_car_2_1_4224780',0,1,0
'0211_R_fle_car_2_1_4687830',0,1,0
'0211_R_fle_car_2_1_4273290',0,1,0
'0211_R_fle_car_2_1_4745160',0,1,0
'0211_R_fle_car_2_1_4295340',0,1,0
'0211_R_fle_car_2_1_4784850',0,1,0
'0211_R_fle_car_2_1_4229190',0,1,0
'0211_R_fle_car_2_1_4383540',0,1,0
'0211_R_fle_car_2_1_4436460',0,1,0
'0211_R_fle_car_2_1_4806900',0,1,0
'0211_R_fle_car_2_1_4312980',0,1,0
'0211_R_fle_car_2_1_4639320',0,1,0
'0211_R_fle_car_2_1_4683420',0,1,0
'0211_R_fle_car_2_1_4484970',0,1,0
'0211_R_fle_car_2_1_4220370',0,1,0
'0211_R_fle_car_2_1_4290930',0,1,0
'0211_R_fle_car_2_1_4771620',0,1,0
'0211_R_fle_car_2_1_4251240',0,1,0
'0211_R_fle_car_2_1_4679010',0,1,0
'0211_R_fle_car_2_1_4374720',0,1,0
'0211_R_fle_car_2_1_4246830',0,1,0
'0211_R_fle_car_2_1_4590810',0,1,0
'0211_R_fle_car_2_1_4665780',0,1,0
'0211_R_fle_car_2_1_4762800',0,1,0
'0211_R_fle_car_2_1_4132170',0,1,0
'0211_R_fle_car_2_1_4264470',0,1,0
'0211_R_fle_car_2_1_4489380',0,1,0
'0211_R_fle_car_2_1_4634910',0,1,0
'0211_R_fle_car_2_1_4471740',0,1,0
'0211_R_fle_car_2_1_4405590',0,1,0
'0211_R_fle_car_2_1_4656960',0,1,0
'0211_R_fle_car_2_1_4851000',0,1,0
'0211_R_fle_car_2_1_4127760',0,1,0
'0211_R_fle_car_2_1_4705470',0,1,0
'0211_R_fle_car_2_1_4626090',0,1,0
'0211_R_fle_car_2_1_4740750',0,1,0
'0211_R_fle_car_2_1_4004280',0,1,0
'0211_R_fle_car_2_1_4048380',0,1,0
'0211_R_fle_car_2_1_4820130',0,1,0
'0211_R_fle_car_2_1_4101300',0,1,0
'0211_R_fle_car_2_1_4621680',0,1,0
'0211_R_fle_car_2_1_4163040',0,1,0
'0211_R_fle_car_2_1_4846590',0,1,0
'0211_R_fle_car_2_1_4798080',0,1,0
'0211_R_fle_car_2_1_4304160',0,1,0
'0211_R_fle_car_2_1_4462920',0,1,0
'0211_R_fle_car_2_1_4118940',0,1,0
'0211_R_fle_car_2_1_4286520',0,1,0
'0211_R_fle_car_2_1_4573170',0,1,0
'0211_R_fle_car_2_1_4026330',0,1,0
'0211_R_fle_car_2_1_4432050',0,1,0
'0211_R_fle_car_2_1_4498200',0,1,0
'0211_R_fle_car_2_1_4035150',0,1,0
'0211_R_fle_car_2_1_4180680',0,1,0
'0211_R_fle_car_2_1_4326210',0,1,0
'0211_R_fle_car_2_1_4013100',0,1,0
'0211_R_fle_car_2_1_4211550',0,1,0
'0211_R_fle_car_2_1_4507020',0,1,0
'0211_R_fle_car_2_1_4648140',0,1,0
'0211_R_fle_car_2_1_4515840',0,1,0
'0211_R_fle_car_2_1_4859820',0,0.3333333333333333,0.6666666666666666
'0211_R_fle_car_2_1_4321800',0,1,0
'0211_R_fle_car_2_1_4467330',0,1,0
'0211_R_fle_car_2_1_4317390',0,1,0
'0211_R_fle_car_2_1_4674600',0,1,0
'0211_R_fle_car_2_1_4449690',0,1,0
'0211_R_fle_car_2_1_4749570',0,1,0
'0211_R_fle_car_2_1_4418820',0,1,0
'0211_R_fle_car_2_1_4176270',0,1,0
'0211_R_fle_car_2_1_4824540',0,1,0
'0211_R_fle_car_2_1_4277700',0,1,0
'0211_R_fle_car_2_1_4692240',0,1,0
'0211_R_fle_car_2_1_4630500',0,1,0
'0211_R_fle_car_2_1_4123350',0,1,0
'0211_R_fle_car_2_1_4868640',0,0.3333333333333333,0.6666666666666666
'0211_R_fle_car_2_1_4427640',0,1,0
'0211_R_fle_car_2_1_4242420',0,1,0
'0211_R_fle_car_2_1_4833360',0,1,0
'0211_R_fle_car_2_1_4423230',0,1,0
'0211_R_fle_car_2_1_4365900',0,1,0
'0211_R_fle_car_2_1_4546710',0,1,0
'0211_R_fle_car_2_1_4140990',0,1,0
'0211_R_fle_car_2_1_4030740',0,1,0
'0211_R_fle_car_2_1_4476150',0,1,0
'0211_R_fle_car_2_1_4387950',0,1,0
'0211_R_fle_car_2_1_4339440',0,1,0
'0211_R_fle_car_2_1_4581990',0,1,0
'0211_R_fle_car_2_1_4414410',0,1,0
'0211_R_fle_car_2_1_4709880',0,1,0
'0211_R_fle_car_2_1_4361490',0,1,0
'0211_R_fle_car_2_1_4189500',0,1,0
'0211_R_fle_car_2_1_4330620',0,1,0
'0211_R_fle_car_2_1_4282110',0,1,0
'0211_R_fle_car_2_1_4454100',0,1,0
'0211_R_fle_car_2_1_4136580',0,1,0
'0211_R_fle_car_2_1_4529070',0,1,0
'0211_R_fle_car_2_1_4401180',0,1,0
'0211_R_fle_car_2_1_4096890',0,1,0
'0211_R_fle_car_2_1_4776030',0,1,0
'0211_R_fle_car_2_1_4612860',0,1,0
'0211_R_fle_car_2_1_4643730',0,1,0
'0211_R_fle_car_2_1_4171860',0,1,0
'0211_R_fle_car_2_1_4396770',0,1,0
'0211_R_fle_car_2_1_4299750',0,1,0
'0211_R_fle_car_2_1_4617270',0,1,0
'0211_R_fle_car_2_1_4793670',0,1,0
'0211_R_fle_car_2_1_4158630',0,1,0
'0211_R_fle_car_2_1_4233600',0,1,0
'0211_R_fle_car_2_1_4604040',0,1,0
'0211_R_fle_car_2_1_4110120',0,1,0
'0211_R_fle_car_2_1_4736340',0,1,0
'0211_R_fle_car_2_1_4502610',0,1,0
'0211_R_fle_car_2_1_4780440',0,1,0
'0211_R_fle_car_2_1_4167450',0,1,0
'0211_R_fle_car_2_1_4873050',0,0.3333333333333333,0.6666666666666666
'0211_R_fle_car_2_1_4410000',0,1,0
'0211_R_fle_car_2_1_4308570',0,1,0
'0211_R_fle_car_2_1_4586400',0,1,0
'0211_R_fle_car_2_1_4537890',0,1,0
'0211_R_fle_car_2_1_4718700',0,1,0
'0211_R_fle_car_2_1_4458510',0,1,0
'0211_R_fle_car_2_1_4842180',0,1,0
'0211_R_fle_car_2_1_4207140',0,1,0
'0211_R_fle_car_2_1_4577580',0,1,0
'0211_R_fle_car_2_1_4379130',0,1,0
'0211_R_fle_car_2_1_4670190',0,1,0
'0211_R_fle_car_2_1_4815720',0,1,0
'0211_R_fle_car_2_1_4701060',0,1,0
'0211_R_fle_car_2_1_4268880',0,1,0
'0211_R_fle_car_2_1_4370310',0,1,0
'0211_R_fle_car_2_1_4855410',0,1,0
'0211_R_fle_car_2_1_4352670',0,1,0
'0211_R_fle_car_2_1_4551120',0,1,0
'0211_R_fle_car_2_1_4079250',0,0.3333333333333333,0.6666666666666666
'0211_R_fle_car_2_1_4828950',0,1,0
'0211_R_fle_car_2_1_4524660',0,1,0
'0211_R_fle_car_2_1_4837770',0,1,0
'0211_R_fle_car_2_1_4392360',0,1,0
'0211_R_fle_car_2_1_4238010',0,1,0
'0211_R_fle_car_2_1_4043970',0,1,0
'0211_R_fle_car_2_1_4568760',0,1,0
'0211_R_fle_car_2_1_4877460',0,0.3333333333333333,0.6666666666666666
'0211_R_fle_car_2_1_4021920',0,1,0
'0211_R_fle_car_2_1_4083660',0,0.3333333333333333,0.6666666666666666
'0211_R_fle_car_2_1_4357080',0,1,0
'0211_R_fle_car_2_1_4802490',0,1,0
'0211_R_fle_car_2_1_4731930',0,1,0
'0211_R_fle_car_2_1_4767210',0,1,0
'0211_R_fle_car_2_1_4193910',0,1,0
'0211_R_fle_car_2_1_4811310',0,1,0
'0211_R_fle_car_2_1_4145400',0,1,0
'0211_R_fle_car_2_1_4052790',0,1,0
'0211_R_fle_car_2_1_4440870',0,1,0
'0211_R_fle_car_2_1_4202730',0,1,0
'0211_R_fle_car_2_1_4520250',0,1,0
'0211_R_fle_car_2_1_4608450',0,1,0
'0211_R_fle_car_2_1_4445280',0,1,0
'0211_R_fle_car_2_1_4555530',0,1,0
'0211_R_fle_car_2_1_4215960',0,1,0
'0211_R_fle_car_2_1_4017510',0,1,0
'0211_R_fle_car_2_1_4599630',0,1,0
'0211_R_fle_car_2_1_4114530',0,1,0
'0211_R_fle_car_2_1_4493790',0,1,0
'0211_R_fle_car_2_1_4753980',0,1,0
'0211_R_fle_car_2_1_4723110',0,1,0
'0211_R_fle_car_2_1_4008690',0,1,0
'0211_R_fle_car_2_1_4335030',0,1,0
'0211_R_fle_car_2_1_4559940',0,1,0
'0211_R_fle_car_2_1_4198320',0,1,0
'0211_R_fle_car_2_1_4185090',0,1,0
'0211_R_fle_car_2_1_4511430',0,1,0
'0211_R_fle_car_2_1_4533480',0,1,0
'0211_R_fle_car_2_1_4661370',0,1,0
'0211_R_fle_car_2_1_4564350',0,1,0
'0211_R_fle_car_2_1_4789260',0,1,0
'0211_R_fle_car_2_1_4758390',0,1,0
'0211_R_fle_car_2_1_4066020',0,0,1
'0211_R_fle_car_2_1_4070430',0,0,1
'0211_R_fle_car_2_1_4074840',0,0,1
'0211_R_fle_car_2_1_4061610',0,0,1
'0211_R_fle_car_2_1_4057200',0,0,1
'0211_R_fle_car_2_1_4088070',0.3333333333333333,0.3333333333333333,0.3333333333333333
'0211_R_fle_car_2_1_4092480',0.3333333333333333,0.3333333333333333,0.3333333333333333
'0211_R_fle_car_2_1_485100',1,0,0
'0211_R_fle_car_2_1_454230',1,0,0
'0211_R_fle_car_2_1_498330',1,0,0
'0211_R_fle_car_2_1_432180',1,0,0
'0211_R_fle_car_2_1_418950',1,0,0
'0211_R_fle_car_2_1_467460',1,0,0
'0211_R_fle_car_2_1_436590',1,0,0
'0211_R_fle_car_2_1_480690',1,0,0
'0211_R_fle_car_2_1_476280',1,0,0
'0211_R_fle_car_2_1_414540',1,0,0
'0211_R_fle_car_2_1_401310',1,0,0
'0211_R_fle_car_2_1_493920',1,0,0
'0211_R_fle_car_2_1_405720',1,0,0
'0211_R_fle_car_2_1_445410',1,0,0
'0211_R_fle_car_2_1_427770',1,0,0
'0211_R_fle_car_2_1_449820',1,0,0
'0211_R_fle_car_2_1_471870',1,0,0
'0211_R_fle_car_2_1_441000',1,0,0
'0211_R_fle_car_2_1_410130',1,0,0
'0211_R_fle_car_2_1_458640',1,0,0
'0211_R_fle_car_2_1_423360',1,0,0
'0211_R_fle_car_2_1_489510',1,0,0
'0211_R_fle_car_2_1_463050',1,0,0
'0211_R_fle_car_2_1_599760',0.6666666666666666,0,0.3333333333333333
'0211_R_fle_car_2_1_573300',0.6666666666666666,0,0.3333333333333333
'0211_R_fle_car_2_1_577710',0.6666666666666666,0,0.3333333333333333
'0211_R_fle_car_2_1_568890',0.6666666666666666,0,0.3333333333333333
'0211_R_fle_car_2_1_582120',0.6666666666666666,0,0.3333333333333333
'0211_R_fle_car_2_1_586530',1,0,0
'0211_R_fle_car_2_1_564480',1,0,0
'0211_R_fle_car_2_1_546840',1,0,0
'0211_R_fle_car_2_1_595350',1,0,0
'0211_R_fle_car_2_1_533610',1,0,0
'0211_R_fle_car_2_1_538020',1,0,0
'0211_R_fle_car_2_1_520380',1,0,0
'0211_R_fle_car_2_1_590940',1,0,0
'0211_R_fle_car_2_1_555660',1,0,0
'0211_R_fle_car_2_1_542430',1,0,0
'0211_R_fle_car_2_1_551250',1,0,0
'0211_R_fle_car_2_1_507150',1,0,0
'0211_R_fle_car_2_1_502740',1,0,0
'0211_R_fle_car_2_1_511560',1,0,0
'0211_R_fle_car_2_1_524790',1,0,0
'0211_R_fle_car_2_1_515970',1,0,0
'0211_R_fle_car_2_1_560070',1,0,0
'0211_R_fle_car_2_1_529200',1,0,0
'0211_R_fle_car_2_1_665910',0.6666666666666666,0.3333333333333333,0
'0211_R_fle_car_2_1_692370',0.6666666666666666,0.3333333333333333,0
'0211_R_fle_car_2_1_679140',0.6666666666666666,0.3333333333333333,0
'0211_R_fle_car_2_1_657090',0.6666666666666666,0.3333333333333333,0
'0211_R_fle_car_2_1_696780',0.6666666666666666,0.3333333333333333,0
'0211_R_fle_car_2_1_652680',0.6666666666666666,0.3333333333333333,0
'0211_R_fle_car_2_1_687960',0.6666666666666666,0.3333333333333333,0
'0211_R_fle_car_2_1_683550',0.6666666666666666,0.3333333333333333,0
'0211_R_fle_car_2_1_661500',0.6666666666666666,0.3333333333333333,0
'0211_R_fle_car_2_1_648270',0.6666666666666666,0.3333333333333333,0
'0211_R_fle_car_2_1_670320',0.6666666666666666,0.3333333333333333,0
'0211_R_fle_car_2_1_674730',0.6666666666666666,0.3333333333333333,0
'0211_R_fle_car_2_1_635040',0,0,1
'0211_R_fle_car_2_1_604170',0,0,1
'0211_R_fle_car_2_1_617400',0,0,1
'0211_R_fle_car_2_1_612990',0,0,1
'0211_R_fle_car_2_1_621810',0,0,1
'0211_R_fle_car_2_1_608580',0,0,1
'0211_R_fle_car_2_1_639450',0,0,1
'0211_R_fle_car_2_1_630630',0,0,1
'0211_R_fle_car_2_1_626220',0,0,1
'0211_R_fle_car_2_1_643860',0.3333333333333333,0.3333333333333333,0.3333333333333333
'0211_R_fle_car_2_1_723240',0.6666666666666666,0.3333333333333333,0
'0211_R_fle_car_2_1_771750',0.6666666666666666,0.3333333333333333,0
'0211_R_fle_car_2_1_754110',0.6666666666666666,0.3333333333333333,0
'0211_R_fle_car_2_1_789390',0.6666666666666666,0.3333333333333333,0
'0211_R_fle_car_2_1_762930',0.6666666666666666,0.3333333333333333,0
'0211_R_fle_car_2_1_749700',0.6666666666666666,0.3333333333333333,0
'0211_R_fle_car_2_1_740880',0.6666666666666666,0.3333333333333333,0
'0211_R_fle_car_2_1_732060',0.6666666666666666,0.3333333333333333,0
'0211_R_fle_car_2_1_745290',0.6666666666666666,0.3333333333333333,0
'0211_R_fle_car_2_1_784980',0.6666666666666666,0.3333333333333333,0
'0211_R_fle_car_2_1_710010',0.6666666666666666,0.3333333333333333,0
'0211_R_fle_car_2_1_776160',0.6666666666666666,0.3333333333333333,0
'0211_R_fle_car_2_1_736470',0.6666666666666666,0.3333333333333333,0
'0211_R_fle_car_2_1_798210',0.6666666666666666,0.3333333333333333,0
'0211_R_fle_car_2_1_718830',0.6666666666666666,0.3333333333333333,0
'0211_R_fle_car_2_1_714420',0.6666666666666666,0.3333333333333333,0
'0211_R_fle_car_2_1_780570',0.6666666666666666,0.3333333333333333,0
'0211_R_fle_car_2_1_793800',0.6666666666666666,0.3333333333333333,0
'0211_R_fle_car_2_1_701190',0.6666666666666666,0.3333333333333333,0
'0211_R_fle_car_2_1_758520',0.6666666666666666,0.3333333333333333,0
'0211_R_fle_car_2_1_727650',0.6666666666666666,0.3333333333333333,0
'0211_R_fle_car_2_1_767340',0.6666666666666666,0.3333333333333333,0
'0211_R_fle_car_2_1_705600',0.6666666666666666,0.3333333333333333,0
'0211_R_fle_car_2_1_829080',0.6666666666666666,0.3333333333333333,0
'0211_R_fle_car_2_1_802620',0.6666666666666666,0.3333333333333333,0
'0211_R_fle_car_2_1_824670',0.6666666666666666,0.3333333333333333,0
'0211_R_fle_car_2_1_807030',0.6666666666666666,0.3333333333333333,0
'0211_R_fle_car_2_1_815850',0.6666666666666666,0.3333333333333333,0
'0211_R_fle_car_2_1_811440',0.6666666666666666,0.3333333333333333,0
'0211_R_fle_car_2_1_820260',0.6666666666666666,0.3333333333333333,0
'0211_R_fle_car_2_1_890820',1,0,0
'0211_R_fle_car_2_1_895230',1,0,0
'0211_R_fle_car_2_1_899640',1,0,0
'0211_R_fle_car_2_1_882000',1,0,0
'0211_R_fle_car_2_1_886410',1,0,0
'0211_R_fle_car_2_1_943740',0.6666666666666666,0.3333333333333333,0
'0211_R_fle_car_2_1_956970',0.6666666666666666,0.3333333333333333,0
'0211_R_fle_car_2_1_939330',0.6666666666666666,0.3333333333333333,0
'0211_R_fle_car_2_1_974610',0.6666666666666666,0.3333333333333333,0
'0211_R_fle_car_2_1_992250',0.6666666666666666,0.3333333333333333,0
'0211_R_fle_car_2_1_987840',0.6666666666666666,0.3333333333333333,0
'0211_R_fle_car_2_1_979020',0.6666666666666666,0.3333333333333333,0
'0211_R_fle_car_2_1_970200',0.6666666666666666,0.3333333333333333,0
'0211_R_fle_car_2_1_965790',0.6666666666666666,0.3333333333333333,0
'0211_R_fle_car_2_1_983430',0.6666666666666666,0.3333333333333333,0
'0211_R_fle_car_2_1_961380',0.6666666666666666,0.3333333333333333,0
'0211_R_fle_car_2_1_948150',0.6666666666666666,0.3333333333333333,0
'0211_R_fle_car_2_1_996660',0.6666666666666666,0.3333333333333333,0
'0211_R_fle_car_2_1_952560',0.6666666666666666,0.3333333333333333,0
'0211_R_fle_car_2_1_934920',0.6666666666666666,0.3333333333333333,0
'0211_R_fle_car_2_1_904050',1,0,0
'0211_R_fle_car_2_1_917280',1,0,0
'0211_R_fle_car_2_1_921690',1,0,0
'0211_R_fle_car_2_1_930510',1,0,0
'0211_R_fle_car_2_1_908460',1,0,0
'0211_R_fle_car_2_1_912870',1,0,0
'0211_R_fle_car_2_1_926100',1,0,0
